function [t,h,s]=MethaneIsobaric_200
data=[
96.037	20.000	28.489	0.035101	-65.098	-21.339	-0.64049	2.1820	3.2907	1621.3	-0.50056	0.00021655	0.22227	
96.928	20.000	28.424	0.035182	-62.268	-18.408	-0.61011	2.1773	3.2920	1614.5	-0.49938	0.00021110	0.22130	
97.818	20.000	28.358	0.035263	-59.437	-15.476	-0.58000	2.1726	3.2935	1607.8	-0.49817	0.00020587	0.22031	
98.709	20.000	28.293	0.035344	-56.605	-12.542	-0.55014	2.1680	3.2950	1601.0	-0.49692	0.00020085	0.21932	
99.599	20.000	28.227	0.035427	-53.772	-9.6073	-0.52054	2.1635	3.2965	1594.2	-0.49563	0.00019604	0.21832	
100.49	20.000	28.162	0.035509	-50.939	-6.6709	-0.49119	2.1591	3.2982	1587.4	-0.49431	0.00019142	0.21730	
101.38	20.000	28.096	0.035592	-48.105	-3.7331	-0.46209	2.1547	3.2999	1580.5	-0.49296	0.00018699	0.21628	
102.27	20.000	28.030	0.035676	-45.270	-0.79380	-0.43322	2.1504	3.3016	1573.7	-0.49158	0.00018272	0.21526	
103.16	20.000	27.964	0.035760	-42.434	2.1471	-0.40459	2.1461	3.3034	1566.8	-0.49016	0.00017861	0.21422	
104.05	20.000	27.898	0.035845	-39.597	5.0896	-0.37619	2.1419	3.3052	1560.0	-0.48872	0.00017466	0.21318	
104.94	20.000	27.832	0.035930	-36.759	8.0338	-0.34801	2.1377	3.3071	1553.1	-0.48724	0.00017086	0.21213	
105.83	20.000	27.765	0.036016	-33.920	10.980	-0.32006	2.1336	3.3090	1546.2	-0.48572	0.00016719	0.21108	
106.72	20.000	27.699	0.036102	-31.081	13.927	-0.29233	2.1295	3.3109	1539.3	-0.48418	0.00016365	0.21002	
107.61	20.000	27.632	0.036189	-28.240	16.876	-0.26481	2.1254	3.3129	1532.4	-0.48261	0.00016024	0.20896	
108.50	20.000	27.566	0.036277	-25.398	19.827	-0.23750	2.1214	3.3148	1525.4	-0.48100	0.00015695	0.20789	
109.39	20.000	27.499	0.036365	-22.555	22.780	-0.21040	2.1174	3.3169	1518.5	-0.47936	0.00015377	0.20682	
110.29	20.000	27.432	0.036454	-19.711	25.735	-0.18350	2.1134	3.3189	1511.6	-0.47768	0.00015070	0.20574	
111.18	20.000	27.365	0.036543	-16.866	28.691	-0.15680	2.1094	3.3210	1504.6	-0.47598	0.00014773	0.20466	
112.07	20.000	27.298	0.036633	-14.019	31.649	-0.13029	2.1055	3.3231	1497.7	-0.47424	0.00014485	0.20358	
112.96	20.000	27.231	0.036723	-11.172	34.610	-0.10398	2.1016	3.3252	1490.7	-0.47246	0.00014207	0.20250	
113.85	20.000	27.163	0.036814	-8.3235	37.572	-0.077863	2.0978	3.3274	1483.8	-0.47065	0.00013938	0.20141	
114.74	20.000	27.096	0.036906	-5.4739	40.536	-0.051930	2.0939	3.3295	1476.8	-0.46880	0.00013678	0.20032	
115.63	20.000	27.028	0.036999	-2.6232	43.502	-0.026180	2.0901	3.3317	1469.9	-0.46692	0.00013426	0.19922	
116.52	20.000	26.960	0.037092	0.22875	46.470	-0.00061019	2.0863	3.3340	1462.9	-0.46500	0.00013181	0.19813	
117.41	20.000	26.892	0.037185	3.0818	49.440	0.024782	2.0826	3.3362	1455.9	-0.46304	0.00012944	0.19703	
118.30	20.000	26.824	0.037280	5.9361	52.412	0.049999	2.0788	3.3385	1449.0	-0.46104	0.00012714	0.19594	
119.19	20.000	26.756	0.037375	8.7916	55.386	0.075045	2.0751	3.3409	1442.0	-0.45900	0.00012490	0.19484	
120.08	20.000	26.688	0.037471	11.648	58.362	0.099921	2.0714	3.3432	1435.0	-0.45693	0.00012273	0.19374	
120.97	20.000	26.619	0.037567	14.506	61.340	0.12463	2.0677	3.3456	1428.0	-0.45481	0.00012063	0.19264	
121.86	20.000	26.550	0.037664	17.365	64.320	0.14918	2.0641	3.3480	1421.1	-0.45264	0.00011858	0.19154	
122.75	20.000	26.481	0.037762	20.226	67.303	0.17356	2.0605	3.3505	1414.1	-0.45044	0.00011660	0.19044	
123.64	20.000	26.412	0.037861	23.088	70.288	0.19779	2.0569	3.3530	1407.1	-0.44819	0.00011466	0.18934	
124.53	20.000	26.343	0.037960	25.951	73.274	0.22186	2.0533	3.3555	1400.1	-0.44590	0.00011278	0.18824	
125.42	20.000	26.274	0.038061	28.815	76.264	0.24578	2.0497	3.3580	1393.2	-0.44356	0.00011095	0.18715	
126.31	20.000	26.204	0.038162	31.681	79.255	0.26955	2.0462	3.3606	1386.2	-0.44117	0.00010918	0.18605	
127.21	20.000	26.135	0.038263	34.548	82.249	0.29317	2.0427	3.3633	1379.2	-0.43874	0.00010744	0.18495	
128.10	20.000	26.065	0.038366	37.416	85.245	0.31664	2.0392	3.3660	1372.2	-0.43626	0.00010576	0.18385	
128.99	20.000	25.995	0.038469	40.286	88.244	0.33997	2.0357	3.3687	1365.3	-0.43372	0.00010411	0.18276	
129.88	20.000	25.925	0.038573	43.157	91.245	0.36315	2.0323	3.3714	1358.3	-0.43114	0.00010251	0.18167	
130.77	20.000	25.854	0.038678	46.030	94.249	0.38620	2.0289	3.3743	1351.3	-0.42850	0.00010095	0.18057	
131.66	20.000	25.784	0.038784	48.904	97.255	0.40911	2.0255	3.3771	1344.3	-0.42581	9.9428e-05	0.17948	
132.55	20.000	25.713	0.038891	51.779	100.26	0.43189	2.0222	3.3800	1337.4	-0.42307	9.7943e-05	0.17839	
133.44	20.000	25.642	0.038999	54.656	103.27	0.45453	2.0188	3.3830	1330.4	-0.42027	9.6495e-05	0.17731	
134.33	20.000	25.571	0.039107	57.535	106.29	0.47704	2.0155	3.3860	1323.4	-0.41741	9.5082e-05	0.17622	
135.22	20.000	25.499	0.039216	60.415	109.31	0.49942	2.0122	3.3890	1316.5	-0.41450	9.3702e-05	0.17514	
136.11	20.000	25.428	0.039327	63.297	112.32	0.52168	2.0090	3.3921	1309.5	-0.41153	9.2355e-05	0.17406	
137.00	20.000	25.356	0.039438	66.180	115.35	0.54381	2.0058	3.3953	1302.6	-0.40849	9.1040e-05	0.17298	
137.89	20.000	25.284	0.039550	69.066	118.37	0.56582	2.0025	3.3985	1295.6	-0.40540	8.9754e-05	0.17190	
138.78	20.000	25.212	0.039663	71.952	121.40	0.58771	1.9994	3.4018	1288.7	-0.40224	8.8499e-05	0.17083	
139.67	20.000	25.140	0.039778	74.841	124.43	0.60947	1.9962	3.4051	1281.7	-0.39901	8.7271e-05	0.16976	
140.56	20.000	25.067	0.039893	77.731	127.46	0.63113	1.9931	3.4085	1274.8	-0.39572	8.6071e-05	0.16869	
141.45	20.000	24.994	0.040009	80.623	130.50	0.65266	1.9900	3.4119	1267.8	-0.39236	8.4897e-05	0.16762	
142.34	20.000	24.921	0.040126	83.517	133.54	0.67409	1.9869	3.4155	1260.9	-0.38894	8.3749e-05	0.16656	
143.23	20.000	24.848	0.040244	86.413	136.58	0.69540	1.9839	3.4190	1253.9	-0.38544	8.2626e-05	0.16550	
144.12	20.000	24.775	0.040364	89.310	139.63	0.71660	1.9809	3.4227	1247.0	-0.38188	8.1527e-05	0.16444	
145.02	20.000	24.701	0.040484	92.210	142.68	0.73769	1.9779	3.4264	1240.1	-0.37824	8.0451e-05	0.16339	
145.91	20.000	24.627	0.040605	95.111	145.73	0.75868	1.9749	3.4301	1233.2	-0.37452	7.9398e-05	0.16234	
146.80	20.000	24.553	0.040728	98.015	148.79	0.77956	1.9720	3.4340	1226.3	-0.37073	7.8367e-05	0.16129	
147.69	20.000	24.479	0.040852	100.92	151.85	0.80035	1.9691	3.4379	1219.3	-0.36686	7.7356e-05	0.16025	
148.58	20.000	24.404	0.040977	103.83	154.91	0.82102	1.9662	3.4419	1212.4	-0.36291	7.6366e-05	0.15921	
149.47	20.000	24.329	0.041103	106.74	157.98	0.84160	1.9634	3.4459	1205.5	-0.35888	7.5396e-05	0.15817	
150.36	20.000	24.254	0.041230	109.65	161.05	0.86209	1.9606	3.4500	1198.6	-0.35477	7.4446e-05	0.15713	
151.25	20.000	24.179	0.041359	112.56	164.12	0.88247	1.9578	3.4542	1191.7	-0.35057	7.3514e-05	0.15610	
152.14	20.000	24.103	0.041488	115.48	167.20	0.90276	1.9550	3.4585	1184.8	-0.34629	7.2600e-05	0.15508	
153.03	20.000	24.027	0.041619	118.40	170.28	0.92296	1.9523	3.4629	1178.0	-0.34192	7.1704e-05	0.15406	
153.92	20.000	23.951	0.041752	121.32	173.37	0.94306	1.9496	3.4673	1171.1	-0.33746	7.0825e-05	0.15304	
154.81	20.000	23.875	0.041885	124.24	176.46	0.96308	1.9469	3.4718	1164.2	-0.33291	6.9962e-05	0.15202	
155.70	20.000	23.798	0.042020	127.17	179.55	0.98301	1.9443	3.4764	1157.4	-0.32827	6.9116e-05	0.15101	
156.59	20.000	23.721	0.042156	130.09	182.65	1.0028	1.9417	3.4811	1150.5	-0.32353	6.8285e-05	0.15000	
157.48	20.000	23.644	0.042294	133.03	185.75	1.0226	1.9391	3.4858	1143.6	-0.31869	6.7469e-05	0.14900	
158.37	20.000	23.566	0.042433	135.96	188.86	1.0423	1.9365	3.4907	1136.8	-0.31376	6.6669e-05	0.14800	
159.26	20.000	23.489	0.042574	138.89	191.97	1.0619	1.9340	3.4956	1130.0	-0.30872	6.5882e-05	0.14700	
160.15	20.000	23.411	0.042716	141.83	195.08	1.0814	1.9315	3.5006	1123.1	-0.30358	6.5110e-05	0.14601	
161.04	20.000	23.332	0.042859	144.77	198.20	1.1008	1.9291	3.5057	1116.3	-0.29833	6.4351e-05	0.14503	
161.93	20.000	23.254	0.043004	147.72	201.33	1.1201	1.9267	3.5109	1109.5	-0.29298	6.3605e-05	0.14404	
162.83	20.000	23.175	0.043151	150.66	204.46	1.1394	1.9243	3.5162	1102.7	-0.28752	6.2873e-05	0.14307	
