function [s,h]=MethaneIsotermic_10
data=[
    
283.15	0.0000	0.0000	0	731.06	877.80	28.800	1.6749	2.1932	438.36	0	1.0684e-05	0.032173	
283.15	1.6667	0.73324	1.3638	718.03	859.71	5.0656	1.6948	2.3116	432.00	4.7733	1.0944e-05	0.033407	
283.15	3.3333	1.5199	0.65795	704.33	841.03	4.6582	1.7154	2.4504	426.83	4.6423	1.1298e-05	0.034859	
283.15	5.0000	2.3631	0.42317	689.94	821.83	4.3979	1.7363	2.6110	423.26	4.4648	1.1747e-05	0.036610	
283.15	5.0000	2.3631	0.42317	689.94	821.83	4.3979	1.7363	2.6110	423.26	4.4648	1.1747e-05	0.036610	
283.15	5.0000	2.3631	0.42317	689.94	821.83	4.3979	1.7363	2.6110	423.26	4.4648	1.1747e-05	0.036610	
283.15	6.6667	3.2636	0.30641	674.91	802.24	4.1969	1.7568	2.7929	421.82	4.2331	1.2302e-05	0.038722	
283.15	8.3333	4.2171	0.23713	659.35	782.52	4.0285	1.7763	2.9906	423.11	3.9451	1.2974e-05	0.041239	
283.15	10.000	5.2126	0.19184	643.47	763.05	3.8816	1.7939	3.1931	427.75	3.6073	1.3770e-05	0.044165	
283.15	11.667	6.2308	0.16049	627.58	744.29	3.7511	1.8089	3.3840	436.18	3.2346	1.4688e-05	0.047436	
283.15	13.333	7.2465	0.13800	612.03	726.72	3.6345	1.8209	3.5455	448.59	2.8475	1.5715e-05	0.050923	
283.15	15.000	8.2325	0.12147	597.18	710.76	3.5306	1.8299	3.6641	464.79	2.4674	1.6826e-05	0.054462	
283.15	16.667	9.1659	0.10910	583.30	696.64	3.4386	1.8364	3.7356	484.23	2.1117	1.7988e-05	0.057914	
283.15	18.333	10.032	0.099684	570.54	684.45	3.3573	1.8409	3.7655	506.14	1.7919	1.9171e-05	0.061196	
283.15	20.000	10.824	0.092385	558.93	674.10	3.2856	1.8442	3.7642	529.71	1.5125	2.0347e-05	0.064281	
283.15	21.667	11.544	0.086622	548.42	665.41	3.2221	1.8467	3.7425	554.23	1.2724	2.1499e-05	0.067179	
283.15	23.333	12.197	0.081986	538.91	658.16	3.1656	1.8488	3.7092	579.17	1.0678	2.2617e-05	0.069911	
283.15	25.000	12.789	0.078189	530.29	652.14	3.1149	1.8508	3.6700	604.14	0.89365	2.3693e-05	0.072501	
283.15	26.667	13.328	0.075028	522.45	647.17	3.0693	1.8528	3.6288	628.86	0.74512	2.4728e-05	0.074970	
283.15	28.333	13.821	0.072355	515.29	643.08	3.0278	1.8548	3.5877	653.18	0.61785	2.5722e-05	0.077332	
283.15	30.000	14.272	0.070066	508.71	639.74	2.9899	1.8570	3.5480	676.97	0.50822	2.6675e-05	0.079603	
283.15	31.667	14.689	0.068080	502.65	637.03	2.9550	1.8593	3.5104	700.17	0.41321	2.7591e-05	0.081793	
283.15	33.333	15.074	0.066340	497.03	634.87	2.9227	1.8617	3.4751	722.76	0.33039	2.8472e-05	0.083910	
283.15	35.000	15.432	0.064800	491.81	633.18	2.8927	1.8642	3.4422	744.73	0.25776	2.9321e-05	0.085961	
283.15	36.667	15.767	0.063425	486.93	631.90	2.8647	1.8667	3.4116	766.08	0.19370	3.0139e-05	0.087952	
283.15	38.333	16.080	0.062189	482.37	630.96	2.8383	1.8693	3.3833	786.82	0.13690	3.0930e-05	0.089890	
283.15	40.000	16.375	0.061070	478.07	630.34	2.8135	1.8720	3.3571	806.99	0.086269	3.1696e-05	0.091777	
283.15	41.667	16.653	0.060050	474.02	629.99	2.7901	1.8747	3.3328	826.61	0.040917	3.2438e-05	0.093619	
283.15	43.333	16.916	0.059116	470.20	629.87	2.7678	1.8775	3.3103	845.69	0.00011155	3.3158e-05	0.095419	
283.15	45.000	17.166	0.058256	466.57	629.98	2.7466	1.8802	3.2894	864.27	-0.036760	3.3858e-05	0.097179	
283.15	46.667	17.403	0.057462	463.12	630.27	2.7264	1.8830	3.2700	882.38	-0.070208	3.4539e-05	0.098903	
283.15	48.333	17.629	0.056724	459.84	630.74	2.7071	1.8858	3.2519	900.02	-0.10066	3.5203e-05	0.10059	
283.15	50.000	17.846	0.056036	456.71	631.36	2.6886	1.8886	3.2350	917.23	-0.12848	3.5850e-05	0.10225	
283.15	51.667	18.053	0.055394	453.72	632.12	2.6709	1.8914	3.2192	934.03	-0.15398	3.6482e-05	0.10388	
283.15	53.333	18.251	0.054791	450.85	633.00	2.6538	1.8942	3.2044	950.44	-0.17742	3.7100e-05	0.10548	
283.15	55.000	18.442	0.054224	448.11	634.01	2.6374	1.8970	3.1906	966.48	-0.19903	3.7705e-05	0.10705	
283.15	56.667	18.625	0.053690	445.47	635.12	2.6215	1.8997	3.1776	982.16	-0.21899	3.8297e-05	0.10861	
283.15	58.333	18.802	0.053185	442.94	636.33	2.6061	1.9025	3.1654	997.50	-0.23748	3.8878e-05	0.11013	
283.15	60.000	18.973	0.052706	440.50	637.62	2.5913	1.9053	3.1538	1012.5	-0.25465	3.9447e-05	0.11164	
283.15	61.667	19.138	0.052252	438.15	639.00	2.5769	1.9080	3.1430	1027.2	-0.27063	4.0006e-05	0.11312	
283.15	63.333	19.298	0.051820	435.88	640.45	2.5630	1.9107	3.1328	1041.7	-0.28552	4.0554e-05	0.11459	
283.15	65.000	19.452	0.051408	433.69	641.98	2.5494	1.9134	3.1231	1055.8	-0.29943	4.1094e-05	0.11603	
283.15	66.667	19.602	0.051016	431.57	643.57	2.5362	1.9161	3.1139	1069.7	-0.31244	4.1624e-05	0.11746	
283.15	68.333	19.747	0.050640	429.52	645.22	2.5234	1.9188	3.1052	1083.3	-0.32463	4.2146e-05	0.11887	
283.15	70.000	19.888	0.050280	427.54	646.93	2.5109	1.9215	3.0970	1096.6	-0.33608	4.2660e-05	0.12027	
283.15	71.667	20.026	0.049936	425.62	648.69	2.4988	1.9241	3.0892	1109.8	-0.34684	4.3166e-05	0.12165	
283.15	73.333	20.159	0.049605	423.75	650.50	2.4869	1.9267	3.0817	1122.7	-0.35696	4.3664e-05	0.12302	
283.15	75.000	20.290	0.049286	421.94	652.36	2.4753	1.9294	3.0747	1135.3	-0.36651	4.4156e-05	0.12437	
283.15	76.667	20.416	0.048980	420.18	654.25	2.4640	1.9320	3.0679	1147.8	-0.37552	4.4641e-05	0.12571	
283.15	78.333	20.540	0.048685	418.48	656.19	2.4529	1.9345	3.0615	1160.1	-0.38403	4.5119e-05	0.12704	
283.15	80.000	20.661	0.048401	416.81	658.17	2.4421	1.9371	3.0554	1172.1	-0.39208	4.5592e-05	0.12835	
283.15	81.667	20.779	0.048126	415.20	660.19	2.4315	1.9396	3.0495	1184.0	-0.39971	4.6058e-05	0.12966	
283.15	83.333	20.894	0.047861	413.62	662.24	2.4211	1.9421	3.0439	1195.7	-0.40693	4.6519e-05	0.13095	
283.15	85.000	21.006	0.047604	412.09	664.32	2.4110	1.9446	3.0386	1207.3	-0.41379	4.6974e-05	0.13223	
283.15	86.667	21.117	0.047356	410.60	666.43	2.4010	1.9471	3.0335	1218.6	-0.42030	4.7424e-05	0.13351	
283.15	88.333	21.224	0.047115	409.14	668.56	2.3912	1.9496	3.0286	1229.8	-0.42649	4.7869e-05	0.13477	
283.15	90.000	21.330	0.046882	407.72	670.73	2.3816	1.9520	3.0239	1240.9	-0.43238	4.8309e-05	0.13602	
283.15	91.667	21.434	0.046656	406.34	672.92	2.3722	1.9545	3.0194	1251.7	-0.43798	4.8745e-05	0.13726	
283.15	93.333	21.535	0.046436	404.98	675.14	2.3630	1.9569	3.0151	1262.5	-0.44333	4.9176e-05	0.13850	
283.15	95.000	21.634	0.046223	403.66	677.38	2.3539	1.9593	3.0110	1273.1	-0.44842	4.9602e-05	0.13973	
283.15	96.667	21.732	0.046015	402.37	679.64	2.3449	1.9616	3.0070	1283.5	-0.45328	5.0025e-05	0.14094	
283.15	98.333	21.828	0.045813	401.11	681.92	2.3361	1.9640	3.0032	1293.9	-0.45792	5.0443e-05	0.14215	
283.15	100.00	21.922	0.045617	399.88	684.22	2.3275	1.9663	2.9995	1304.0	-0.46235	5.0857e-05	0.14336	
283.15	101.67	22.014	0.045425	398.67	686.54	2.3190	1.9687	2.9960	1314.1	-0.46659	5.1268e-05	0.14455	
283.15	103.33	22.105	0.045239	397.49	688.88	2.3106	1.9710	2.9926	1324.1	-0.47065	5.1675e-05	0.14574	
283.15	105.00	22.194	0.045057	396.34	691.24	2.3024	1.9733	2.9893	1333.9	-0.47453	5.2078e-05	0.14692	
283.15	106.67	22.282	0.044880	395.21	693.61	2.2943	1.9755	2.9862	1343.6	-0.47824	5.2478e-05	0.14810	
283.15	108.33	22.368	0.044706	394.11	696.00	2.2863	1.9778	2.9831	1353.2	-0.48180	5.2874e-05	0.14927	
283.15	110.00	22.453	0.044537	393.02	698.40	2.2784	1.9800	2.9802	1362.7	-0.48521	5.3267e-05	0.15043	
283.15	111.67	22.537	0.044372	391.96	700.82	2.2706	1.9823	2.9774	1372.1	-0.48849	5.3657e-05	0.15158	
283.15	113.33	22.619	0.044211	390.92	703.25	2.2629	1.9845	2.9747	1381.3	-0.49163	5.4044e-05	0.15273	
283.15	115.00	22.700	0.044053	389.91	705.69	2.2554	1.9867	2.9721	1390.5	-0.49464	5.4428e-05	0.15388	
283.15	116.67	22.780	0.043899	388.91	708.15	2.2479	1.9889	2.9696	1399.6	-0.49754	5.4809e-05	0.15502	
283.15	118.33	22.858	0.043748	387.93	710.62	2.2405	1.9910	2.9671	1408.6	-0.50032	5.5187e-05	0.15615	
283.15	120.00	22.936	0.043600	386.97	713.10	2.2333	1.9932	2.9648	1417.5	-0.50299	5.5563e-05	0.15728	
283.15	121.67	23.012	0.043456	386.03	715.59	2.2261	1.9953	2.9625	1426.2	-0.50556	5.5936e-05	0.15840	
283.15	123.33	23.087	0.043314	385.10	718.09	2.2190	1.9974	2.9603	1435.0	-0.50803	5.6306e-05	0.15952	
283.15	125.00	23.162	0.043175	384.20	720.60	2.2120	1.9996	2.9582	1443.6	-0.51040	5.6673e-05	0.16064	
