function [t,h,s]=MethaneInterpHIsotermic
data=[
136.11	0.10000	0.090121	11.096	494.68	563.85	5.0108	1.5762	2.1345	302.98	19.028	5.4030e-06	0.014381	
137.00	0.10000	0.089502	11.173	496.10	565.75	5.0247	1.5756	2.1330	304.04	18.777	5.4372e-06	0.014486	
137.89	0.10000	0.088891	11.250	497.52	567.65	5.0386	1.5751	2.1317	305.10	18.532	5.4714e-06	0.014591	
138.78	0.10000	0.088289	11.326	498.94	569.55	5.0523	1.5746	2.1304	306.15	18.292	5.5056e-06	0.014696	
139.67	0.10000	0.087695	11.403	500.36	571.44	5.0659	1.5741	2.1291	307.20	18.059	5.5399e-06	0.014801	
140.56	0.10000	0.087110	11.480	501.78	573.34	5.0794	1.5736	2.1279	308.24	17.830	5.5741e-06	0.014906	
141.45	0.10000	0.086533	11.556	503.20	575.23	5.0929	1.5732	2.1267	309.28	17.607	5.6082e-06	0.015011	
142.34	0.10000	0.085964	11.633	504.61	577.13	5.1062	1.5727	2.1256	310.32	17.389	5.6424e-06	0.015116	
143.23	0.10000	0.085402	11.709	506.03	579.02	5.1195	1.5723	2.1245	311.35	17.176	5.6766e-06	0.015222	
144.12	0.10000	0.084849	11.786	507.45	580.91	5.1326	1.5720	2.1235	312.37	16.968	5.7107e-06	0.015327	
145.02	0.10000	0.084302	11.862	508.86	582.80	5.1457	1.5716	2.1225	313.39	16.764	5.7449e-06	0.015432	
145.91	0.10000	0.083763	11.938	510.27	584.69	5.1587	1.5713	2.1216	314.41	16.565	5.7790e-06	0.015538	
146.80	0.10000	0.083232	12.015	511.69	586.58	5.1716	1.5709	2.1206	315.43	16.370	5.8131e-06	0.015643	
147.69	0.10000	0.082707	12.091	513.10	588.47	5.1844	1.5706	2.1197	316.44	16.179	5.8472e-06	0.015749	
148.58	0.10000	0.082189	12.167	514.51	590.35	5.1972	1.5703	2.1189	317.44	15.992	5.8813e-06	0.015854	
149.47	0.10000	0.081677	12.243	515.92	592.24	5.2098	1.5701	2.1181	318.44	15.809	5.9154e-06	0.015959	
150.36	0.10000	0.081173	12.319	517.34	594.13	5.2224	1.5698	2.1173	319.44	15.629	5.9494e-06	0.016065	
151.25	0.10000	0.080674	12.396	518.75	596.01	5.2349	1.5696	2.1165	320.43	15.454	5.9835e-06	0.016170	
152.14	0.10000	0.080182	12.472	520.16	597.90	5.2473	1.5693	2.1158	321.42	15.282	6.0175e-06	0.016276	
153.03	0.10000	0.079697	12.548	521.57	599.78	5.2597	1.5691	2.1151	322.41	15.113	6.0515e-06	0.016381	
153.92	0.10000	0.079217	12.624	522.98	601.66	5.2719	1.5689	2.1144	323.39	14.947	6.0855e-06	0.016487	
154.81	0.10000	0.078743	12.700	524.39	603.55	5.2841	1.5687	2.1138	324.37	14.785	6.1194e-06	0.016592	
155.70	0.10000	0.078275	12.775	525.79	605.43	5.2963	1.5686	2.1131	325.35	14.626	6.1534e-06	0.016698	
156.59	0.10000	0.077813	12.851	527.20	607.31	5.3083	1.5684	2.1125	326.32	14.470	6.1873e-06	0.016803	
157.48	0.10000	0.077356	12.927	528.61	609.19	5.3203	1.5683	2.1120	327.29	14.317	6.2212e-06	0.016909	
158.37	0.10000	0.076905	13.003	530.02	611.07	5.3322	1.5681	2.1114	328.25	14.167	6.2551e-06	0.017014	
159.26	0.10000	0.076460	13.079	531.43	612.95	5.3440	1.5680	2.1109	329.21	14.019	6.2890e-06	0.017120	
160.15	0.10000	0.076019	13.155	532.83	614.83	5.3558	1.5679	2.1104	330.17	13.874	6.3228e-06	0.017225	
161.04	0.10000	0.075584	13.230	534.24	616.71	5.3675	1.5678	2.1099	331.13	13.732	6.3566e-06	0.017331	
161.93	0.10000	0.075154	13.306	535.65	618.59	5.3791	1.5677	2.1094	332.08	13.593	6.3904e-06	0.017436	
162.83	0.10000	0.074729	13.382	537.05	620.47	5.3907	1.5676	2.1090	333.03	13.455	6.4242e-06	0.017542	
163.72	0.10000	0.074309	13.457	538.46	622.34	5.4022	1.5676	2.1086	333.97	13.321	6.4579e-06	0.017647	
164.61	0.10000	0.073893	13.533	539.87	624.22	5.4136	1.5675	2.1082	334.91	13.188	6.4917e-06	0.017753	
165.50	0.10000	0.073483	13.609	541.27	626.10	5.4250	1.5675	2.1078	335.85	13.058	6.5254e-06	0.017859	
166.39	0.10000	0.073077	13.684	542.68	627.98	5.4363	1.5675	2.1074	336.79	12.930	6.5590e-06	0.017964	
167.28	0.10000	0.072676	13.760	544.08	629.85	5.4476	1.5674	2.1071	337.72	12.804	6.5927e-06	0.018070	
168.17	0.10000	0.072279	13.835	545.49	631.73	5.4588	1.5674	2.1067	338.65	12.681	6.6263e-06	0.018175	
169.06	0.10000	0.071886	13.911	546.89	633.60	5.4699	1.5674	2.1064	339.57	12.559	6.6599e-06	0.018281	
169.95	0.10000	0.071498	13.986	548.30	635.48	5.4809	1.5675	2.1061	340.50	12.439	6.6935e-06	0.018386	
170.84	0.10000	0.071115	14.062	549.70	637.35	5.4920	1.5675	2.1059	341.42	12.322	6.7271e-06	0.018492	
171.73	0.10000	0.070735	14.137	551.11	639.23	5.5029	1.5675	2.1056	342.33	12.206	6.7606e-06	0.018598	
172.62	0.10000	0.070360	14.213	552.51	641.11	5.5138	1.5676	2.1054	343.25	12.092	6.7941e-06	0.018703	
173.51	0.10000	0.069988	14.288	553.92	642.98	5.5246	1.5676	2.1052	344.16	11.980	6.8276e-06	0.018809	
174.40	0.10000	0.069621	14.364	555.32	644.85	5.5354	1.5677	2.1049	345.07	11.869	6.8610e-06	0.018915	
175.29	0.10000	0.069257	14.439	556.73	646.73	5.5461	1.5678	2.1048	345.97	11.760	6.8944e-06	0.019021	
176.18	0.10000	0.068898	14.514	558.13	648.60	5.5568	1.5679	2.1046	346.87	11.653	6.9278e-06	0.019126	
177.07	0.10000	0.068542	14.590	559.54	650.48	5.5674	1.5680	2.1044	347.77	11.548	6.9612e-06	0.019232	
177.96	0.10000	0.068190	14.665	560.94	652.35	5.5780	1.5681	2.1043	348.67	11.444	6.9945e-06	0.019338	
178.85	0.10000	0.067841	14.740	562.34	654.22	5.5885	1.5682	2.1042	349.56	11.342	7.0278e-06	0.019444	
179.75	0.10000	0.067497	14.816	563.75	656.10	5.5989	1.5683	2.1041	350.45	11.241	7.0611e-06	0.019550	
180.64	0.10000	0.067156	14.891	565.15	657.97	5.6093	1.5685	2.1040	351.34	11.142	7.0943e-06	0.019656	
181.53	0.10000	0.066818	14.966	566.56	659.85	5.6197	1.5686	2.1039	352.22	11.044	7.1275e-06	0.019763	
182.42	0.10000	0.066484	15.041	567.96	661.72	5.6299	1.5688	2.1039	353.11	10.947	7.1607e-06	0.019869	
183.31	0.10000	0.066153	15.117	569.37	663.59	5.6402	1.5690	2.1038	353.99	10.852	7.1939e-06	0.019975	
184.20	0.10000	0.065825	15.192	570.77	665.47	5.6504	1.5692	2.1038	354.86	10.758	7.2270e-06	0.020082	
185.09	0.10000	0.065501	15.267	572.18	667.34	5.6605	1.5694	2.1038	355.74	10.666	7.2601e-06	0.020189	
185.98	0.10000	0.065180	15.342	573.58	669.21	5.6706	1.5696	2.1038	356.61	10.575	7.2932e-06	0.020296	
186.87	0.10000	0.064862	15.417	574.99	671.09	5.6807	1.5698	2.1038	357.48	10.485	7.3262e-06	0.020403	
187.76	0.10000	0.064548	15.492	576.39	672.96	5.6907	1.5701	2.1038	358.34	10.396	7.3592e-06	0.020511	
188.65	0.10000	0.064236	15.568	577.80	674.83	5.7006	1.5703	2.1039	359.20	10.309	7.3922e-06	0.020620	
189.54	0.10000	0.063928	15.643	579.20	676.71	5.7105	1.5706	2.1039	360.07	10.223	7.4251e-06	0.020730	
190.43	0.10000	0.063622	15.718	580.61	678.58	5.7204	1.5708	2.1040	360.92	10.137	7.4580e-06	0.020844	
191.32	0.10000	0.063320	15.793	582.01	680.45	5.7302	1.5711	2.1041	361.78	10.053	7.4909e-06	0.020942	
192.21	0.10000	0.063020	15.868	583.42	682.33	5.7400	1.5714	2.1042	362.63	9.9705	7.5238e-06	0.021041	
193.10	0.10000	0.062723	15.943	584.82	684.20	5.7497	1.5717	2.1044	363.48	9.8887	7.5566e-06	0.021142	
193.99	0.10000	0.062429	16.018	586.23	686.08	5.7594	1.5720	2.1045	364.33	9.8080	7.5894e-06	0.021244	
194.88	0.10000	0.062138	16.093	587.64	687.95	5.7690	1.5724	2.1046	365.18	9.7283	7.6221e-06	0.021347	
195.77	0.10000	0.061850	16.168	589.04	689.82	5.7786	1.5727	2.1048	366.02	9.6496	7.6548e-06	0.021450	
196.66	0.10000	0.061564	16.243	590.45	691.70	5.7882	1.5731	2.1050	366.86	9.5718	7.6875e-06	0.021553	
197.56	0.10000	0.061281	16.318	591.86	693.57	5.7977	1.5734	2.1052	367.70	9.4951	7.7202e-06	0.021656	
198.45	0.10000	0.061001	16.393	593.26	695.45	5.8072	1.5738	2.1054	368.53	9.4193	7.7528e-06	0.021760	
199.34	0.10000	0.060723	16.468	594.67	697.32	5.8166	1.5742	2.1057	369.36	9.3445	7.7854e-06	0.021864	
200.23	0.10000	0.060448	16.543	596.08	699.20	5.8260	1.5746	2.1059	370.19	9.2705	7.8179e-06	0.021968	
201.12	0.10000	0.060175	16.618	597.49	701.07	5.8353	1.5750	2.1062	371.02	9.1975	7.8504e-06	0.022072	
202.01	0.10000	0.059905	16.693	598.90	702.95	5.8446	1.5754	2.1064	371.85	9.1254	7.8829e-06	0.022176	
202.90	0.10000	0.059637	16.768	600.31	704.83	5.8539	1.5759	2.1067	372.67	9.0541	7.9154e-06	0.022281	
203.79	0.10000	0.059372	16.843	601.71	706.70	5.8631	1.5763	2.1070	373.49	8.9836	7.9478e-06	0.022385	
