function [t,s,h,cp]=R134aisop_22
data=[
170.80	2.2000	15.595	0.064122	72.191	73.573	0.41694	0.79251	1.1823	1123.2	-0.38241	0.0021443	0.14535	
171.28	2.2000	15.583	0.064172	72.752	74.135	0.42022	0.79235	1.1823	1120.8	-0.38212	0.0021014	0.14506	
171.75	2.2000	15.571	0.064222	73.312	74.697	0.42350	0.79221	1.1824	1118.4	-0.38182	0.0020601	0.14477	
172.23	2.2000	15.559	0.064272	73.873	75.259	0.42677	0.79208	1.1824	1116.0	-0.38151	0.0020203	0.14448	
172.70	2.2000	15.547	0.064323	74.434	75.821	0.43003	0.79197	1.1825	1113.6	-0.38120	0.0019818	0.14420	
173.18	2.2000	15.534	0.064373	74.995	76.383	0.43327	0.79187	1.1826	1111.2	-0.38088	0.0019447	0.14391	
173.65	2.2000	15.522	0.064424	75.556	76.945	0.43652	0.79179	1.1827	1108.8	-0.38055	0.0019087	0.14362	
174.13	2.2000	15.510	0.064475	76.117	77.507	0.43975	0.79172	1.1828	1106.5	-0.38022	0.0018740	0.14334	
174.60	2.2000	15.498	0.064525	76.678	78.069	0.44297	0.79166	1.1830	1104.1	-0.37988	0.0018404	0.14305	
175.08	2.2000	15.486	0.064576	77.239	78.632	0.44619	0.79162	1.1831	1101.7	-0.37953	0.0018078	0.14276	
175.55	2.2000	15.473	0.064627	77.800	79.194	0.44940	0.79159	1.1833	1099.3	-0.37918	0.0017762	0.14248	
176.03	2.2000	15.461	0.064678	78.362	79.756	0.45260	0.79158	1.1834	1096.9	-0.37882	0.0017457	0.14220	
176.50	2.2000	15.449	0.064729	78.923	80.319	0.45579	0.79157	1.1836	1094.5	-0.37846	0.0017160	0.14191	
176.98	2.2000	15.437	0.064781	79.485	80.881	0.45897	0.79158	1.1838	1092.1	-0.37809	0.0016872	0.14163	
177.45	2.2000	15.424	0.064832	80.046	81.444	0.46214	0.79160	1.1840	1089.7	-0.37771	0.0016593	0.14135	
177.93	2.2000	15.412	0.064884	80.608	82.007	0.46531	0.79164	1.1842	1087.3	-0.37733	0.0016321	0.14107	
178.40	2.2000	15.400	0.064935	81.170	82.570	0.46847	0.79168	1.1845	1084.9	-0.37695	0.0016058	0.14078	
178.88	2.2000	15.388	0.064987	81.731	83.133	0.47162	0.79174	1.1847	1082.5	-0.37655	0.0015801	0.14050	
179.35	2.2000	15.375	0.065039	82.293	83.696	0.47477	0.79180	1.1850	1080.1	-0.37615	0.0015552	0.14022	
179.83	2.2000	15.363	0.065090	82.855	84.259	0.47790	0.79188	1.1852	1077.7	-0.37575	0.0015310	0.13994	
180.31	2.2000	15.351	0.065142	83.418	84.822	0.48103	0.79197	1.1855	1075.3	-0.37534	0.0015074	0.13966	
180.78	2.2000	15.339	0.065195	83.980	85.386	0.48415	0.79206	1.1858	1073.0	-0.37493	0.0014844	0.13939	
181.26	2.2000	15.326	0.065247	84.543	85.949	0.48726	0.79217	1.1860	1070.6	-0.37451	0.0014620	0.13911	
181.73	2.2000	15.314	0.065299	85.105	86.513	0.49037	0.79229	1.1863	1068.2	-0.37408	0.0014402	0.13883	
182.21	2.2000	15.302	0.065351	85.668	87.077	0.49347	0.79241	1.1867	1065.8	-0.37365	0.0014190	0.13855	
182.68	2.2000	15.290	0.065404	86.231	87.641	0.49656	0.79255	1.1870	1063.4	-0.37322	0.0013983	0.13828	
183.16	2.2000	15.277	0.065457	86.794	88.205	0.49965	0.79269	1.1873	1061.0	-0.37278	0.0013781	0.13800	
183.63	2.2000	15.265	0.065509	87.357	88.770	0.50272	0.79284	1.1876	1058.6	-0.37233	0.0013584	0.13772	
184.11	2.2000	15.253	0.065562	87.920	89.334	0.50579	0.79301	1.1880	1056.3	-0.37188	0.0013392	0.13745	
184.58	2.2000	15.240	0.065615	88.484	89.899	0.50886	0.79317	1.1883	1053.9	-0.37142	0.0013204	0.13718	
185.06	2.2000	15.228	0.065668	89.048	90.464	0.51191	0.79335	1.1887	1051.5	-0.37096	0.0013021	0.13690	
185.53	2.2000	15.216	0.065721	89.611	91.029	0.51496	0.79354	1.1890	1049.1	-0.37050	0.0012842	0.13663	
186.01	2.2000	15.203	0.065774	90.175	91.594	0.51800	0.79373	1.1894	1046.7	-0.37003	0.0012667	0.13635	
186.48	2.2000	15.191	0.065828	90.740	92.159	0.52104	0.79393	1.1898	1044.4	-0.36955	0.0012496	0.13608	
186.96	2.2000	15.179	0.065881	91.304	92.725	0.52407	0.79414	1.1902	1042.0	-0.36907	0.0012330	0.13581	
187.43	2.2000	15.166	0.065935	91.869	93.290	0.52709	0.79436	1.1906	1039.6	-0.36859	0.0012166	0.13554	
187.91	2.2000	15.154	0.065989	92.433	93.856	0.53011	0.79458	1.1910	1037.2	-0.36810	0.0012007	0.13527	
188.38	2.2000	15.142	0.066042	92.998	94.422	0.53311	0.79481	1.1914	1034.9	-0.36761	0.0011851	0.13500	
188.86	2.2000	15.129	0.066096	93.563	94.989	0.53612	0.79504	1.1918	1032.5	-0.36711	0.0011698	0.13473	
189.34	2.2000	15.117	0.066150	94.129	95.555	0.53911	0.79529	1.1922	1030.1	-0.36661	0.0011549	0.13446	
189.81	2.2000	15.105	0.066205	94.694	96.122	0.54210	0.79554	1.1927	1027.8	-0.36610	0.0011403	0.13419	
190.29	2.2000	15.092	0.066259	95.260	96.689	0.54508	0.79579	1.1931	1025.4	-0.36559	0.0011259	0.13393	
190.76	2.2000	15.080	0.066313	95.826	97.256	0.54806	0.79605	1.1935	1023.0	-0.36507	0.0011119	0.13366	
191.24	2.2000	15.068	0.066368	96.392	97.823	0.55103	0.79632	1.1940	1020.7	-0.36455	0.0010982	0.13339	
191.71	2.2000	15.055	0.066422	96.959	98.391	0.55400	0.79659	1.1944	1018.3	-0.36402	0.0010848	0.13312	
192.19	2.2000	15.043	0.066477	97.525	98.959	0.55695	0.79687	1.1949	1015.9	-0.36349	0.0010716	0.13286	
192.66	2.2000	15.030	0.066532	98.092	99.527	0.55991	0.79716	1.1954	1013.6	-0.36296	0.0010587	0.13259	
193.14	2.2000	15.018	0.066587	98.659	100.09	0.56285	0.79745	1.1958	1011.2	-0.36242	0.0010460	0.13233	
193.61	2.2000	15.006	0.066642	99.226	100.66	0.56579	0.79774	1.1963	1008.9	-0.36188	0.0010336	0.13206	
194.09	2.2000	14.993	0.066697	99.794	101.23	0.56872	0.79804	1.1968	1006.5	-0.36133	0.0010215	0.13180	
194.56	2.2000	14.981	0.066753	100.36	101.80	0.57165	0.79835	1.1973	1004.2	-0.36078	0.0010095	0.13153	
195.04	2.2000	14.968	0.066808	100.93	102.37	0.57457	0.79866	1.1978	1001.8	-0.36022	0.00099784	0.13127	
195.51	2.2000	14.956	0.066864	101.50	102.94	0.57749	0.79897	1.1983	999.47	-0.35966	0.00098637	0.13101	
195.99	2.2000	14.943	0.066919	102.07	103.51	0.58040	0.79929	1.1988	997.13	-0.35910	0.00097511	0.13075	
196.46	2.2000	14.931	0.066975	102.63	104.08	0.58330	0.79962	1.1993	994.78	-0.35853	0.00096406	0.13048	
196.94	2.2000	14.918	0.067031	103.20	104.65	0.58620	0.79995	1.1998	992.44	-0.35795	0.00095322	0.13022	
197.41	2.2000	14.906	0.067087	103.77	105.22	0.58909	0.80028	1.2003	990.10	-0.35737	0.00094258	0.12996	
197.89	2.2000	14.893	0.067143	104.34	105.79	0.59198	0.80062	1.2008	987.77	-0.35679	0.00093213	0.12970	
198.36	2.2000	14.881	0.067200	104.91	106.36	0.59486	0.80096	1.2014	985.43	-0.35620	0.00092187	0.12944	
198.84	2.2000	14.869	0.067256	105.48	106.93	0.59774	0.80130	1.2019	983.10	-0.35561	0.00091180	0.12918	
199.32	2.2000	14.856	0.067313	106.05	107.50	0.60061	0.80165	1.2024	980.76	-0.35502	0.00090190	0.12892	
199.79	2.2000	14.844	0.067370	106.62	108.07	0.60347	0.80201	1.2030	978.43	-0.35442	0.00089218	0.12866	
200.27	2.2000	14.831	0.067426	107.19	108.65	0.60633	0.80237	1.2035	976.10	-0.35381	0.00088263	0.12841	
200.74	2.2000	14.818	0.067483	107.76	109.22	0.60918	0.80273	1.2041	973.78	-0.35320	0.00087325	0.12815	
201.22	2.2000	14.806	0.067540	108.33	109.79	0.61203	0.80309	1.2046	971.45	-0.35259	0.00086403	0.12789	
201.69	2.2000	14.793	0.067598	108.91	110.36	0.61487	0.80346	1.2052	969.13	-0.35197	0.00085496	0.12763	
202.17	2.2000	14.781	0.067655	109.48	110.94	0.61771	0.80384	1.2057	966.81	-0.35135	0.00084605	0.12738	
202.64	2.2000	14.768	0.067713	110.05	111.51	0.62054	0.80421	1.2063	964.49	-0.35073	0.00083729	0.12712	
203.12	2.2000	14.756	0.067770	110.62	112.08	0.62337	0.80459	1.2069	962.18	-0.35010	0.00082868	0.12687	
203.59	2.2000	14.743	0.067828	111.19	112.66	0.62619	0.80497	1.2075	959.86	-0.34946	0.00082021	0.12661	
204.07	2.2000	14.731	0.067886	111.77	113.23	0.62901	0.80536	1.2080	957.55	-0.34882	0.00081188	0.12636	
204.54	2.2000	14.718	0.067944	112.34	113.80	0.63182	0.80575	1.2086	955.24	-0.34818	0.00080368	0.12610	
205.02	2.2000	14.705	0.068002	112.91	114.38	0.63462	0.80614	1.2092	952.93	-0.34753	0.00079562	0.12585	
205.49	2.2000	14.693	0.068060	113.49	114.95	0.63742	0.80654	1.2098	950.62	-0.34688	0.00078769	0.12560	
205.97	2.2000	14.680	0.068119	114.06	115.53	0.64022	0.80694	1.2104	948.32	-0.34622	0.00077989	0.12534	
206.44	2.2000	14.668	0.068177	114.63	116.10	0.64301	0.80734	1.2110	946.01	-0.34556	0.00077221	0.12509	
206.92	2.2000	14.655	0.068236	115.21	116.68	0.64579	0.80774	1.2116	943.71	-0.34489	0.00076465	0.12484	
