function [t,s,h]=R134aisop_044497
data=[
169.85	0.44497	15.599	0.064105	71.376	71.656	0.41215	0.79234	1.1835	1121.6	-0.38177	0.0021696	0.14538	
170.33	0.44497	15.587	0.064156	71.938	72.218	0.41546	0.79215	1.1835	1119.2	-0.38148	0.0021257	0.14509	
170.80	0.44497	15.575	0.064206	72.501	72.781	0.41876	0.79197	1.1835	1116.8	-0.38118	0.0020834	0.14480	
171.28	0.44497	15.563	0.064257	73.063	73.343	0.42205	0.79181	1.1836	1114.4	-0.38087	0.0020427	0.14451	
171.75	0.44497	15.550	0.064307	73.625	73.906	0.42533	0.79167	1.1836	1112.0	-0.38056	0.0020033	0.14422	
172.23	0.44497	15.538	0.064358	74.188	74.468	0.42860	0.79154	1.1837	1109.5	-0.38024	0.0019653	0.14393	
172.70	0.44497	15.526	0.064409	74.750	75.031	0.43186	0.79143	1.1838	1107.1	-0.37991	0.0019286	0.14364	
173.18	0.44497	15.513	0.064460	75.312	75.593	0.43511	0.79133	1.1839	1104.7	-0.37958	0.0018931	0.14335	
173.65	0.44497	15.501	0.064511	75.875	76.156	0.43836	0.79125	1.1840	1102.3	-0.37924	0.0018588	0.14306	
174.13	0.44497	15.489	0.064562	76.437	76.719	0.44159	0.79118	1.1841	1099.9	-0.37889	0.0018255	0.14278	
174.60	0.44497	15.477	0.064614	77.000	77.282	0.44482	0.79112	1.1843	1097.5	-0.37854	0.0017933	0.14249	
175.08	0.44497	15.464	0.064665	77.563	77.845	0.44804	0.79108	1.1844	1095.1	-0.37818	0.0017621	0.14220	
175.55	0.44497	15.452	0.064717	78.125	78.408	0.45125	0.79105	1.1846	1092.7	-0.37781	0.0017319	0.14192	
176.03	0.44497	15.440	0.064768	78.688	78.971	0.45446	0.79104	1.1848	1090.2	-0.37744	0.0017025	0.14163	
176.50	0.44497	15.427	0.064820	79.251	79.534	0.45765	0.79103	1.1850	1087.8	-0.37706	0.0016740	0.14135	
176.98	0.44497	15.415	0.064872	79.814	80.097	0.46084	0.79104	1.1852	1085.4	-0.37667	0.0016464	0.14106	
177.45	0.44497	15.403	0.064924	80.377	80.660	0.46402	0.79107	1.1854	1083.0	-0.37628	0.0016195	0.14078	
177.93	0.44497	15.390	0.064976	80.940	81.224	0.46719	0.79110	1.1856	1080.6	-0.37589	0.0015934	0.14049	
178.40	0.44497	15.378	0.065028	81.504	81.787	0.47035	0.79114	1.1859	1078.2	-0.37548	0.0015680	0.14021	
178.88	0.44497	15.366	0.065080	82.067	82.351	0.47350	0.79120	1.1861	1075.8	-0.37508	0.0015433	0.13993	
179.35	0.44497	15.353	0.065133	82.631	82.915	0.47665	0.79127	1.1864	1073.3	-0.37466	0.0015193	0.13965	
179.83	0.44497	15.341	0.065185	83.194	83.478	0.47979	0.79134	1.1867	1070.9	-0.37424	0.0014959	0.13937	
180.31	0.44497	15.329	0.065238	83.758	84.042	0.48292	0.79143	1.1869	1068.5	-0.37382	0.0014731	0.13909	
180.78	0.44497	15.316	0.065290	84.322	84.607	0.48605	0.79153	1.1872	1066.1	-0.37339	0.0014509	0.13881	
181.26	0.44497	15.304	0.065343	84.886	85.171	0.48917	0.79164	1.1875	1063.7	-0.37295	0.0014293	0.13853	
181.73	0.44497	15.291	0.065396	85.450	85.735	0.49228	0.79175	1.1878	1061.3	-0.37251	0.0014083	0.13825	
182.21	0.44497	15.279	0.065449	86.015	86.300	0.49538	0.79188	1.1882	1058.9	-0.37206	0.0013877	0.13797	
182.68	0.44497	15.267	0.065502	86.579	86.865	0.49847	0.79202	1.1885	1056.5	-0.37161	0.0013677	0.13769	
183.16	0.44497	15.254	0.065555	87.144	87.430	0.50156	0.79216	1.1888	1054.1	-0.37115	0.0013482	0.13741	
183.63	0.44497	15.242	0.065609	87.709	87.995	0.50464	0.79231	1.1892	1051.7	-0.37069	0.0013291	0.13714	
184.11	0.44497	15.229	0.065662	88.274	88.560	0.50772	0.79248	1.1895	1049.2	-0.37022	0.0013105	0.13686	
184.58	0.44497	15.217	0.065716	88.839	89.125	0.51078	0.79265	1.1899	1046.8	-0.36975	0.0012923	0.13658	
185.06	0.44497	15.205	0.065770	89.404	89.691	0.51384	0.79282	1.1902	1044.4	-0.36927	0.0012745	0.13631	
185.53	0.44497	15.192	0.065823	89.970	90.257	0.51690	0.79301	1.1906	1042.0	-0.36879	0.0012572	0.13603	
186.01	0.44497	15.180	0.065877	90.535	90.823	0.51994	0.79321	1.1910	1039.6	-0.36830	0.0012402	0.13576	
186.48	0.44497	15.167	0.065931	91.101	91.389	0.52298	0.79341	1.1914	1037.2	-0.36781	0.0012237	0.13549	
186.96	0.44497	15.155	0.065985	91.667	91.955	0.52602	0.79362	1.1918	1034.8	-0.36731	0.0012075	0.13521	
187.43	0.44497	15.142	0.066040	92.233	92.521	0.52904	0.79383	1.1922	1032.4	-0.36681	0.0011916	0.13494	
187.91	0.44497	15.130	0.066094	92.800	93.088	0.53206	0.79406	1.1926	1030.0	-0.36630	0.0011761	0.13467	
188.38	0.44497	15.118	0.066148	93.367	93.655	0.53508	0.79429	1.1930	1027.6	-0.36579	0.0011610	0.13440	
188.86	0.44497	15.105	0.066203	93.933	94.222	0.53808	0.79452	1.1935	1025.3	-0.36527	0.0011461	0.13413	
189.34	0.44497	15.093	0.066258	94.501	94.789	0.54108	0.79477	1.1939	1022.9	-0.36475	0.0011316	0.13386	
189.81	0.44497	15.080	0.066313	95.068	95.357	0.54408	0.79502	1.1944	1020.5	-0.36422	0.0011174	0.13359	
190.29	0.44497	15.068	0.066368	95.635	95.925	0.54706	0.79527	1.1948	1018.1	-0.36369	0.0011035	0.13332	
190.76	0.44497	15.055	0.066423	96.203	96.493	0.55004	0.79554	1.1953	1015.7	-0.36315	0.0010898	0.13305	
191.24	0.44497	15.043	0.066478	96.771	97.061	0.55302	0.79580	1.1957	1013.3	-0.36261	0.0010765	0.13278	
191.71	0.44497	15.030	0.066533	97.339	97.629	0.55599	0.79608	1.1962	1010.9	-0.36206	0.0010634	0.13251	
192.19	0.44497	15.018	0.066589	97.907	98.198	0.55895	0.79636	1.1967	1008.5	-0.36151	0.0010505	0.13224	
192.66	0.44497	15.005	0.066644	98.476	98.767	0.56191	0.79664	1.1971	1006.2	-0.36096	0.0010380	0.13197	
193.14	0.44497	14.993	0.066700	99.045	99.336	0.56486	0.79694	1.1976	1003.8	-0.36040	0.0010256	0.13171	
193.61	0.44497	14.980	0.066756	99.614	99.905	0.56780	0.79723	1.1981	1001.4	-0.35983	0.0010136	0.13144	
194.09	0.44497	14.967	0.066812	100.18	100.47	0.57074	0.79753	1.1986	999.02	-0.35927	0.0010017	0.13118	
194.56	0.44497	14.955	0.066868	100.75	101.04	0.57367	0.79784	1.1991	996.64	-0.35869	0.00099008	0.13091	
195.04	0.44497	14.942	0.066924	101.32	101.61	0.57660	0.79815	1.1996	994.27	-0.35811	0.00097868	0.13065	
195.51	0.44497	14.930	0.066980	101.89	102.18	0.57952	0.79847	1.2001	991.90	-0.35753	0.00096749	0.13038	
195.99	0.44497	14.917	0.067037	102.46	102.75	0.58243	0.79879	1.2007	989.53	-0.35694	0.00095650	0.13012	
196.46	0.44497	14.905	0.067093	103.03	103.33	0.58534	0.79912	1.2012	987.16	-0.35635	0.00094572	0.12985	
196.94	0.44497	14.892	0.067150	103.60	103.90	0.58824	0.79945	1.2017	984.79	-0.35575	0.00093514	0.12959	
197.41	0.44497	14.879	0.067207	104.17	104.47	0.59114	0.79978	1.2022	982.43	-0.35515	0.00092475	0.12933	
197.89	0.44497	14.867	0.067264	104.75	105.04	0.59403	0.80012	1.2028	980.06	-0.35455	0.00091455	0.12907	
198.36	0.44497	14.854	0.067321	105.32	105.61	0.59692	0.80046	1.2033	977.70	-0.35394	0.00090453	0.12880	
198.84	0.44497	14.842	0.067378	105.89	106.18	0.59980	0.80081	1.2039	975.34	-0.35332	0.00089469	0.12854	
199.32	0.44497	14.829	0.067436	106.46	106.76	0.60267	0.80116	1.2044	972.98	-0.35270	0.00088502	0.12828	
199.79	0.44497	14.816	0.067493	107.03	107.33	0.60554	0.80152	1.2050	970.63	-0.35208	0.00087552	0.12802	
200.27	0.44497	14.804	0.067551	107.61	107.90	0.60840	0.80188	1.2055	968.27	-0.35145	0.00086619	0.12776	
200.74	0.44497	14.791	0.067609	108.18	108.47	0.61126	0.80224	1.2061	965.92	-0.35081	0.00085702	0.12750	
201.22	0.44497	14.778	0.067667	108.75	109.05	0.61411	0.80261	1.2067	963.57	-0.35018	0.00084800	0.12724	
201.69	0.44497	14.766	0.067725	109.33	109.62	0.61696	0.80298	1.2073	961.22	-0.34953	0.00083914	0.12698	
202.17	0.44497	14.753	0.067783	109.90	110.19	0.61980	0.80335	1.2078	958.87	-0.34888	0.00083042	0.12673	
202.64	0.44497	14.740	0.067841	110.47	110.77	0.62264	0.80373	1.2084	956.52	-0.34823	0.00082185	0.12647	
203.12	0.44497	14.728	0.067900	111.05	111.34	0.62547	0.80411	1.2090	954.18	-0.34758	0.00081342	0.12621	
203.59	0.44497	14.715	0.067958	111.62	111.92	0.62830	0.80450	1.2096	951.84	-0.34691	0.00080514	0.12595	
204.07	0.44497	14.702	0.068017	112.20	112.49	0.63112	0.80489	1.2102	949.50	-0.34625	0.00079698	0.12570	
204.54	0.44497	14.689	0.068076	112.77	113.07	0.63393	0.80528	1.2108	947.16	-0.34558	0.00078896	0.12544	
205.02	0.44497	14.677	0.068135	113.35	113.64	0.63675	0.80567	1.2114	944.82	-0.34490	0.00078107	0.12519	
205.49	0.44497	14.664	0.068194	113.92	114.22	0.63955	0.80607	1.2120	942.49	-0.34422	0.00077331	0.12493	
