function [t,s,h]=R134aisop_009
data=[
    169.85	0.090000	15.595	0.064122	71.439	71.495	0.41252	0.79224	1.1838	1120.3	-0.38152	0.0021568	0.14527	
170.33	0.090000	15.583	0.064173	72.001	72.058	0.41583	0.79204	1.1838	1117.9	-0.38122	0.0021134	0.14498	
170.80	0.090000	15.571	0.064223	72.564	72.621	0.41913	0.79187	1.1838	1115.5	-0.38092	0.0020715	0.14469	
171.28	0.090000	15.558	0.064274	73.127	73.183	0.42242	0.79170	1.1838	1113.1	-0.38061	0.0020311	0.14440	
171.75	0.090000	15.546	0.064325	73.689	73.746	0.42570	0.79156	1.1839	1110.6	-0.38030	0.0019922	0.14411	
172.23	0.090000	15.534	0.064376	74.252	74.309	0.42897	0.79143	1.1840	1108.2	-0.37997	0.0019545	0.14382	
172.70	0.090000	15.521	0.064427	74.814	74.871	0.43223	0.79132	1.1841	1105.8	-0.37964	0.0019182	0.14353	
173.18	0.090000	15.509	0.064478	75.377	75.434	0.43549	0.79122	1.1842	1103.4	-0.37931	0.0018830	0.14324	
173.65	0.090000	15.497	0.064529	75.940	75.997	0.43873	0.79114	1.1843	1101.0	-0.37896	0.0018489	0.14295	
174.13	0.090000	15.485	0.064580	76.503	76.560	0.44197	0.79107	1.1844	1098.6	-0.37861	0.0018160	0.14266	
174.60	0.090000	15.472	0.064632	77.066	77.123	0.44520	0.79102	1.1846	1096.1	-0.37826	0.0017841	0.14237	
175.08	0.090000	15.460	0.064683	77.629	77.686	0.44842	0.79097	1.1847	1093.7	-0.37789	0.0017531	0.14209	
175.55	0.090000	15.448	0.064735	78.192	78.249	0.45163	0.79095	1.1849	1091.3	-0.37752	0.0017231	0.14180	
176.03	0.090000	15.435	0.064787	78.755	78.812	0.45483	0.79093	1.1851	1088.9	-0.37715	0.0016940	0.14152	
176.50	0.090000	15.423	0.064839	79.318	79.375	0.45803	0.79093	1.1853	1086.5	-0.37677	0.0016657	0.14123	
176.98	0.090000	15.411	0.064891	79.881	79.938	0.46122	0.79094	1.1855	1084.0	-0.37638	0.0016383	0.14095	
177.45	0.090000	15.398	0.064943	80.445	80.502	0.46440	0.79096	1.1857	1081.6	-0.37599	0.0016116	0.14066	
177.93	0.090000	15.386	0.064995	81.008	81.065	0.46757	0.79099	1.1859	1079.2	-0.37559	0.0015857	0.14038	
178.40	0.090000	15.373	0.065047	81.572	81.629	0.47073	0.79104	1.1862	1076.8	-0.37518	0.0015605	0.14010	
178.88	0.090000	15.361	0.065099	82.135	82.193	0.47389	0.79109	1.1864	1074.4	-0.37477	0.0015360	0.13981	
179.35	0.090000	15.349	0.065152	82.699	82.757	0.47704	0.79116	1.1867	1072.0	-0.37435	0.0015122	0.13953	
179.83	0.090000	15.336	0.065205	83.263	83.321	0.48018	0.79124	1.1870	1069.5	-0.37393	0.0014889	0.13925	
180.31	0.090000	15.324	0.065257	83.827	83.885	0.48331	0.79132	1.1872	1067.1	-0.37350	0.0014663	0.13897	
180.78	0.090000	15.312	0.065310	84.392	84.449	0.48644	0.79142	1.1875	1064.7	-0.37307	0.0014443	0.13869	
181.26	0.090000	15.299	0.065363	84.956	85.014	0.48955	0.79153	1.1878	1062.3	-0.37263	0.0014228	0.13841	
181.73	0.090000	15.287	0.065416	85.521	85.578	0.49266	0.79165	1.1881	1059.9	-0.37218	0.0014019	0.13813	
182.21	0.090000	15.274	0.065469	86.085	86.143	0.49577	0.79177	1.1885	1057.5	-0.37173	0.0013815	0.13785	
182.68	0.090000	15.262	0.065522	86.650	86.708	0.49886	0.79191	1.1888	1055.0	-0.37128	0.0013616	0.13757	
183.16	0.090000	15.250	0.065576	87.215	87.273	0.50195	0.79205	1.1891	1052.6	-0.37082	0.0013422	0.13729	
183.63	0.090000	15.237	0.065629	87.780	87.838	0.50503	0.79221	1.1895	1050.2	-0.37035	0.0013233	0.13702	
184.11	0.090000	15.225	0.065683	88.346	88.404	0.50811	0.79237	1.1898	1047.8	-0.36988	0.0013048	0.13674	
184.58	0.090000	15.212	0.065736	88.911	88.969	0.51118	0.79254	1.1902	1045.4	-0.36940	0.0012867	0.13646	
185.06	0.090000	15.200	0.065790	89.477	89.535	0.51424	0.79272	1.1906	1043.0	-0.36892	0.0012691	0.13619	
185.53	0.090000	15.187	0.065844	90.043	90.101	0.51729	0.79291	1.1909	1040.6	-0.36843	0.0012518	0.13591	
186.01	0.090000	15.175	0.065898	90.609	90.667	0.52034	0.79310	1.1913	1038.2	-0.36794	0.0012350	0.13564	
186.48	0.090000	15.162	0.065952	91.175	91.233	0.52338	0.79330	1.1917	1035.8	-0.36744	0.0012185	0.13537	
186.96	0.090000	15.150	0.066007	91.741	91.800	0.52641	0.79351	1.1921	1033.4	-0.36694	0.0012024	0.13509	
187.43	0.090000	15.138	0.066061	92.308	92.366	0.52944	0.79373	1.1925	1031.0	-0.36644	0.0011867	0.13482	
187.91	0.090000	15.125	0.066116	92.875	92.933	0.53246	0.79395	1.1930	1028.6	-0.36592	0.0011712	0.13455	
188.38	0.090000	15.113	0.066170	93.442	93.500	0.53548	0.79418	1.1934	1026.2	-0.36541	0.0011562	0.13427	
188.86	0.090000	15.100	0.066225	94.009	94.067	0.53848	0.79442	1.1938	1023.8	-0.36489	0.0011414	0.13400	
189.34	0.090000	15.088	0.066280	94.576	94.635	0.54148	0.79466	1.1943	1021.4	-0.36436	0.0011270	0.13373	
189.81	0.090000	15.075	0.066335	95.144	95.203	0.54448	0.79491	1.1947	1019.0	-0.36383	0.0011128	0.13346	
190.29	0.090000	15.063	0.066390	95.712	95.771	0.54747	0.79517	1.1952	1016.6	-0.36329	0.0010990	0.13319	
190.76	0.090000	15.050	0.066445	96.280	96.339	0.55045	0.79543	1.1956	1014.2	-0.36275	0.0010854	0.13292	
191.24	0.090000	15.037	0.066500	96.848	96.907	0.55342	0.79570	1.1961	1011.8	-0.36221	0.0010721	0.13265	
191.71	0.090000	15.025	0.066556	97.417	97.475	0.55639	0.79598	1.1965	1009.4	-0.36166	0.0010591	0.13238	
192.19	0.090000	15.012	0.066612	97.986	98.044	0.55936	0.79626	1.1970	1007.0	-0.36110	0.0010464	0.13212	
192.66	0.090000	15.000	0.066667	98.554	98.613	0.56231	0.79654	1.1975	1004.6	-0.36054	0.0010339	0.13185	
193.14	0.090000	14.987	0.066723	99.124	99.183	0.56526	0.79683	1.1980	1002.3	-0.35998	0.0010216	0.13158	
193.61	0.090000	14.975	0.066779	99.693	99.752	0.56821	0.79713	1.1985	999.87	-0.35941	0.0010096	0.13132	
194.09	0.090000	14.962	0.066835	100.26	100.32	0.57115	0.79743	1.1990	997.48	-0.35884	0.00099777	0.13105	
194.56	0.090000	14.950	0.066891	100.83	100.89	0.57408	0.79774	1.1995	995.10	-0.35826	0.00098621	0.13078	
195.04	0.090000	14.937	0.066948	101.40	101.46	0.57701	0.79805	1.2000	992.72	-0.35767	0.00097486	0.13052	
195.51	0.090000	14.924	0.067004	101.97	102.03	0.57993	0.79837	1.2005	990.35	-0.35709	0.00096372	0.13025	
195.99	0.090000	14.912	0.067061	102.54	102.60	0.58284	0.79869	1.2010	987.97	-0.35649	0.00095279	0.12999	
196.46	0.090000	14.899	0.067118	103.11	103.17	0.58575	0.79902	1.2016	985.60	-0.35590	0.00094206	0.12972	
196.94	0.090000	14.887	0.067174	103.69	103.74	0.58866	0.79935	1.2021	983.23	-0.35530	0.00093153	0.12946	
197.41	0.090000	14.874	0.067231	104.26	104.32	0.59156	0.79968	1.2026	980.85	-0.35469	0.00092119	0.12920	
197.89	0.090000	14.861	0.067289	104.83	104.89	0.59445	0.80002	1.2032	978.49	-0.35408	0.00091104	0.12894	
198.36	0.090000	14.849	0.067346	105.40	105.46	0.59733	0.80037	1.2037	976.12	-0.35346	0.00090107	0.12867	
198.84	0.090000	14.836	0.067403	105.97	106.03	0.60022	0.80071	1.2043	973.75	-0.35284	0.00089127	0.12841	
199.32	0.090000	14.823	0.067461	106.55	106.60	0.60309	0.80107	1.2048	971.39	-0.35222	0.00088165	0.12815	
199.79	0.090000	14.811	0.067519	107.12	107.18	0.60596	0.80142	1.2054	969.03	-0.35159	0.00087220	0.12789	
200.27	0.090000	14.798	0.067576	107.69	107.75	0.60883	0.80178	1.2060	966.67	-0.35095	0.00086290	0.12763	
200.74	0.090000	14.785	0.067634	108.26	108.32	0.61169	0.80215	1.2065	964.31	-0.35032	0.00085377	0.12737	
201.22	0.090000	14.773	0.067692	108.84	108.90	0.61454	0.80251	1.2071	961.95	-0.34967	0.00084480	0.12711	
201.69	0.090000	14.760	0.067751	109.41	109.47	0.61739	0.80288	1.2077	959.60	-0.34902	0.00083597	0.12685	
202.17	0.090000	14.747	0.067809	109.99	110.05	0.62023	0.80326	1.2083	957.24	-0.34837	0.00082730	0.12659	
202.64	0.090000	14.735	0.067867	110.56	110.62	0.62307	0.80364	1.2089	954.89	-0.34771	0.00081876	0.12633	
203.12	0.090000	14.722	0.067926	111.13	111.19	0.62590	0.80402	1.2095	952.54	-0.34705	0.00081037	0.12608	
203.59	0.090000	14.709	0.067985	111.71	111.77	0.62873	0.80440	1.2101	950.19	-0.34638	0.00080212	0.12582	
204.07	0.090000	14.696	0.068044	112.28	112.34	0.63155	0.80479	1.2107	947.85	-0.34571	0.00079400	0.12556	
204.54	0.090000	14.684	0.068103	112.86	112.92	0.63437	0.80518	1.2113	945.50	-0.34503	0.00078602	0.12531	
205.02	0.090000	14.671	0.068162	113.44	113.50	0.63718	0.80558	1.2119	943.16	-0.34435	0.00077816	0.12505	
