function [t,s,h]=WaterProperties_isop_6
data=[
273.16	6.0000	55.665	0.017965	0.10163	6.0847	0.00033895	4.1898	4.1910	1411.9	-0.24088	0.0017765	0.56435	
274.83	6.0000	55.668	0.017964	7.0963	13.079	0.025866	4.1868	4.1869	1420.2	-0.23929	0.0016790	0.56743	
276.50	6.0000	55.669	0.017963	14.084	20.067	0.051216	4.1834	4.1834	1428.1	-0.23776	0.0015897	0.57053	
278.17	6.0000	55.667	0.017964	21.067	27.050	0.076394	4.1797	4.1804	1435.8	-0.23628	0.0015077	0.57363	
279.84	6.0000	55.662	0.017966	28.044	34.028	0.10140	4.1757	4.1777	1443.1	-0.23484	0.0014324	0.57675	
281.51	6.0000	55.656	0.017968	35.017	41.001	0.12625	4.1715	4.1753	1450.2	-0.23345	0.0013628	0.57986	
283.18	6.0000	55.647	0.017970	41.986	47.971	0.15094	4.1670	4.1733	1457.0	-0.23209	0.0012986	0.58297	
284.85	6.0000	55.637	0.017974	48.952	54.938	0.17547	4.1623	4.1715	1463.5	-0.23078	0.0012391	0.58607	
286.52	6.0000	55.624	0.017978	55.915	61.902	0.19984	4.1574	4.1700	1469.7	-0.22949	0.0011838	0.58915	
288.19	6.0000	55.610	0.017982	62.875	68.864	0.22407	4.1523	4.1688	1475.7	-0.22824	0.0011324	0.59222	
289.86	6.0000	55.594	0.017987	69.833	75.824	0.24815	4.1470	4.1677	1481.5	-0.22701	0.0010846	0.59526	
291.53	6.0000	55.577	0.017993	76.789	82.782	0.27209	4.1415	4.1668	1487.0	-0.22582	0.0010399	0.59827	
293.20	6.0000	55.557	0.017999	83.744	89.738	0.29588	4.1358	4.1660	1492.3	-0.22465	0.00099806	0.60125	
294.87	6.0000	55.537	0.018006	90.697	96.694	0.31954	4.1300	4.1654	1497.3	-0.22350	0.00095890	0.60420	
296.54	6.0000	55.514	0.018013	97.649	103.65	0.34306	4.1240	4.1649	1502.1	-0.22237	0.00092217	0.60710	
298.21	6.0000	55.491	0.018021	104.60	110.60	0.36644	4.1178	4.1646	1506.7	-0.22127	0.00088766	0.60997	
299.88	6.0000	55.465	0.018029	111.55	117.56	0.38970	4.1115	4.1643	1511.1	-0.22018	0.00085519	0.61278	
301.55	6.0000	55.439	0.018038	118.50	124.51	0.41282	4.1051	4.1642	1515.3	-0.21911	0.00082460	0.61555	
303.22	6.0000	55.411	0.018047	125.45	131.46	0.43581	4.0985	4.1641	1519.3	-0.21806	0.00079575	0.61827	
304.88	6.0000	55.382	0.018057	132.40	138.42	0.45868	4.0918	4.1641	1523.1	-0.21702	0.00076850	0.62094	
306.55	6.0000	55.351	0.018066	139.35	145.37	0.48142	4.0849	4.1642	1526.7	-0.21600	0.00074273	0.62355	
308.22	6.0000	55.320	0.018077	146.30	152.32	0.50404	4.0780	4.1644	1530.1	-0.21499	0.00071834	0.62611	
309.89	6.0000	55.287	0.018088	153.25	159.28	0.52654	4.0709	4.1646	1533.4	-0.21399	0.00069522	0.62861	
311.56	6.0000	55.253	0.018099	160.20	166.23	0.54892	4.0637	4.1648	1536.4	-0.21301	0.00067329	0.63105	
313.23	6.0000	55.217	0.018110	167.15	173.18	0.57118	4.0565	4.1652	1539.3	-0.21204	0.00065246	0.63343	
314.90	6.0000	55.181	0.018122	174.10	180.14	0.59333	4.0491	4.1655	1542.0	-0.21107	0.00063267	0.63575	
316.57	6.0000	55.144	0.018134	181.05	187.09	0.61536	4.0416	4.1659	1544.6	-0.21012	0.00061384	0.63801	
318.24	6.0000	55.105	0.018147	188.01	194.05	0.63727	4.0340	4.1664	1547.0	-0.20917	0.00059591	0.64022	
319.91	6.0000	55.066	0.018160	194.96	201.01	0.65908	4.0264	4.1669	1549.2	-0.20823	0.00057882	0.64236	
321.58	6.0000	55.025	0.018173	201.91	207.97	0.68077	4.0186	4.1674	1551.3	-0.20730	0.00056252	0.64444	
323.25	6.0000	54.984	0.018187	208.87	214.92	0.70236	4.0108	4.1680	1553.3	-0.20638	0.00054696	0.64645	
324.92	6.0000	54.941	0.018201	215.82	221.88	0.72383	4.0029	4.1686	1555.1	-0.20546	0.00053210	0.64841	
326.59	6.0000	54.898	0.018216	222.78	228.85	0.74520	3.9949	4.1692	1556.7	-0.20455	0.00051789	0.65031	
328.26	6.0000	54.853	0.018230	229.74	235.81	0.76646	3.9869	4.1699	1558.2	-0.20364	0.00050430	0.65215	
329.93	6.0000	54.808	0.018246	236.69	242.77	0.78762	3.9788	4.1706	1559.6	-0.20273	0.00049129	0.65393	
331.60	6.0000	54.762	0.018261	243.65	249.74	0.80868	3.9706	4.1714	1560.8	-0.20183	0.00047883	0.65565	
333.27	6.0000	54.715	0.018277	250.61	256.70	0.82963	3.9624	4.1721	1561.9	-0.20093	0.00046688	0.65732	
334.94	6.0000	54.666	0.018293	257.58	263.67	0.85048	3.9542	4.1729	1562.9	-0.20004	0.00045543	0.65892	
336.61	6.0000	54.618	0.018309	264.54	270.64	0.87124	3.9459	4.1738	1563.8	-0.19914	0.00044443	0.66047	
338.28	6.0000	54.568	0.018326	271.50	277.61	0.89189	3.9375	4.1746	1564.5	-0.19825	0.00043387	0.66197	
339.95	6.0000	54.517	0.018343	278.47	284.58	0.91245	3.9291	4.1756	1565.1	-0.19736	0.00042373	0.66341	
341.62	6.0000	54.466	0.018360	285.44	291.55	0.93291	3.9207	4.1765	1565.6	-0.19647	0.00041398	0.66480	
343.29	6.0000	54.413	0.018378	292.40	298.52	0.95328	3.9122	4.1775	1566.0	-0.19558	0.00040461	0.66614	
344.96	6.0000	54.360	0.018396	299.37	305.50	0.97355	3.9038	4.1785	1566.3	-0.19468	0.00039559	0.66742	
346.63	6.0000	54.306	0.018414	306.35	312.48	0.99373	3.8952	4.1795	1566.5	-0.19379	0.00038690	0.66866	
348.30	6.0000	54.252	0.018433	313.32	319.46	1.0138	3.8867	4.1806	1566.5	-0.19290	0.00037853	0.66984	
349.97	6.0000	54.196	0.018451	320.29	326.44	1.0338	3.8782	4.1818	1566.5	-0.19200	0.00037047	0.67098	
351.64	6.0000	54.140	0.018471	327.27	333.42	1.0537	3.8696	4.1829	1566.3	-0.19110	0.00036270	0.67207	
353.31	6.0000	54.083	0.018490	334.25	340.41	1.0735	3.8610	4.1842	1566.1	-0.19020	0.00035521	0.67311	
354.98	6.0000	54.025	0.018510	341.23	347.40	1.0933	3.8525	4.1854	1565.7	-0.18930	0.00034797	0.67411	
356.65	6.0000	53.967	0.018530	348.21	354.39	1.1129	3.8439	4.1867	1565.2	-0.18839	0.00034099	0.67506	
358.32	6.0000	53.907	0.018550	355.20	361.38	1.1325	3.8353	4.1881	1564.7	-0.18748	0.00033425	0.67597	
359.99	6.0000	53.847	0.018571	362.19	368.37	1.1519	3.8267	4.1895	1564.0	-0.18657	0.00032774	0.67684	
361.66	6.0000	53.787	0.018592	369.18	375.37	1.1713	3.8181	4.1909	1563.3	-0.18565	0.00032144	0.67767	
363.33	6.0000	53.725	0.018613	376.17	382.37	1.1906	3.8095	4.1924	1562.5	-0.18472	0.00031536	0.67846	
365.00	6.0000	53.663	0.018635	383.16	389.37	1.2099	3.8009	4.1940	1561.5	-0.18380	0.00030947	0.67920	
366.67	6.0000	53.600	0.018657	390.16	396.37	1.2290	3.7923	4.1956	1560.5	-0.18286	0.00030377	0.67991	
368.33	6.0000	53.536	0.018679	397.16	403.38	1.2481	3.7838	4.1972	1559.4	-0.18192	0.00029826	0.68058	
370.00	6.0000	53.472	0.018701	404.16	410.39	1.2671	3.7752	4.1989	1558.2	-0.18097	0.00029293	0.68122	
371.67	6.0000	53.407	0.018724	411.17	417.40	1.2860	3.7667	4.2007	1556.9	-0.18002	0.00028776	0.68182	
373.34	6.0000	53.341	0.018747	418.17	424.42	1.3048	3.7582	4.2025	1555.6	-0.17906	0.00028275	0.68238	
375.01	6.0000	53.275	0.018771	425.18	431.44	1.3236	3.7496	4.2044	1554.1	-0.17809	0.00027789	0.68291	
376.68	6.0000	53.208	0.018794	432.20	438.46	1.3423	3.7412	4.2063	1552.6	-0.17711	0.00027319	0.68341	
378.35	6.0000	53.140	0.018818	439.22	445.48	1.3609	3.7327	4.2083	1551.0	-0.17613	0.00026862	0.68387	
380.02	6.0000	53.072	0.018842	446.24	452.51	1.3794	3.7243	4.2104	1549.3	-0.17514	0.00026420	0.68430	
381.69	6.0000	53.003	0.018867	453.26	459.54	1.3979	3.7159	4.2125	1547.5	-0.17414	0.00025990	0.68470	
383.36	6.0000	52.933	0.018892	460.29	466.58	1.4163	3.7075	4.2147	1545.7	-0.17313	0.00025573	0.68506	
385.03	6.0000	52.862	0.018917	467.32	473.62	1.4346	3.6991	4.2170	1543.8	-0.17211	0.00025168	0.68540	
386.70	6.0000	52.791	0.018943	474.35	480.66	1.4528	3.6908	4.2193	1541.8	-0.17108	0.00024775	0.68571	
388.37	6.0000	52.719	0.018968	481.39	487.71	1.4710	3.6825	4.2217	1539.7	-0.17004	0.00024393	0.68599	
390.04	6.0000	52.647	0.018994	488.43	494.76	1.4891	3.6742	4.2242	1537.6	-0.16899	0.00024021	0.68623	
391.71	6.0000	52.574	0.019021	495.48	501.82	1.5072	3.6660	4.2267	1535.3	-0.16793	0.00023661	0.68646	
393.38	6.0000	52.500	0.019048	502.53	508.87	1.5252	3.6578	4.2293	1533.1	-0.16685	0.00023310	0.68665	
395.05	6.0000	52.426	0.019075	509.59	515.94	1.5431	3.6496	4.2320	1530.7	-0.16577	0.00022968	0.68681	
396.72	6.0000	52.350	0.019102	516.65	523.01	1.5609	3.6415	4.2347	1528.3	-0.16467	0.00022636	0.68695	
398.39	6.0000	52.275	0.019130	523.71	530.08	1.5787	3.6334	4.2376	1525.8	-0.16356	0.00022313	0.68706	
400.06	6.0000	52.198	0.019158	530.78	537.16	1.5965	3.6253	4.2405	1523.2	-0.16244	0.00021998	0.68715	
