function [t,cp]=WaterProperties_isop_01
data=[
274.83	0.10000	55.505	0.018017	7.0425	7.1425	0.025703	4.2132	4.2140	1410.7	-0.23980	0.0016915	0.56426	
276.50	0.10000	55.507	0.018016	14.075	14.175	0.051213	4.2092	4.2092	1418.6	-0.23825	0.0016006	0.56744	
278.17	0.10000	55.507	0.018016	21.099	21.199	0.076543	4.2048	4.2050	1426.3	-0.23674	0.0015172	0.57061	
279.84	0.10000	55.504	0.018017	28.117	28.217	0.10170	4.2003	4.2013	1433.6	-0.23528	0.0014406	0.57378	
281.51	0.10000	55.499	0.018018	35.130	35.230	0.12668	4.1955	4.1980	1440.6	-0.23386	0.0013700	0.57695	
283.18	0.10000	55.492	0.018021	42.137	42.237	0.15150	4.1905	4.1951	1447.4	-0.23248	0.0013048	0.58010	
284.85	0.10000	55.483	0.018024	49.139	49.239	0.17615	4.1853	4.1926	1453.9	-0.23114	0.0012445	0.58324	
286.52	0.10000	55.471	0.018027	56.138	56.238	0.20065	4.1799	4.1904	1460.1	-0.22983	0.0011885	0.58636	
288.19	0.10000	55.458	0.018032	63.133	63.233	0.22500	4.1743	4.1884	1466.1	-0.22855	0.0011364	0.58945	
289.86	0.10000	55.443	0.018036	70.125	70.225	0.24919	4.1685	4.1867	1471.8	-0.22730	0.0010879	0.59251	
291.53	0.10000	55.427	0.018042	77.114	77.215	0.27323	4.1626	4.1853	1477.2	-0.22608	0.0010427	0.59555	
293.20	0.10000	55.408	0.018048	84.102	84.202	0.29713	4.1565	4.1840	1482.5	-0.22488	0.0010005	0.59854	
294.87	0.10000	55.388	0.018054	91.087	91.187	0.32089	4.1503	4.1830	1487.5	-0.22371	0.00096089	0.60150	
296.54	0.10000	55.367	0.018061	98.071	98.171	0.34451	4.1439	4.1820	1492.3	-0.22256	0.00092379	0.60442	
298.21	0.10000	55.344	0.018069	105.05	105.15	0.36799	4.1373	4.1813	1496.8	-0.22143	0.00088895	0.60729	
299.88	0.10000	55.319	0.018077	112.03	112.13	0.39133	4.1307	4.1807	1501.2	-0.22032	0.00085619	0.61011	
301.55	0.10000	55.293	0.018085	119.01	119.11	0.41454	4.1239	4.1802	1505.4	-0.21923	0.00082533	0.61289	
303.22	0.10000	55.266	0.018094	125.99	126.09	0.43762	4.1170	4.1798	1509.3	-0.21815	0.00079624	0.61561	
304.88	0.10000	55.237	0.018104	132.97	133.07	0.46058	4.1099	4.1795	1513.1	-0.21709	0.00076878	0.61827	
306.55	0.10000	55.207	0.018114	139.95	140.05	0.48340	4.1027	4.1794	1516.6	-0.21604	0.00074282	0.62088	
308.22	0.10000	55.176	0.018124	146.93	147.03	0.50611	4.0955	4.1793	1520.0	-0.21501	0.00071825	0.62344	
309.89	0.10000	55.143	0.018135	153.91	154.01	0.52869	4.0881	4.1792	1523.2	-0.21399	0.00069498	0.62593	
311.56	0.10000	55.110	0.018146	160.89	160.99	0.55114	4.0806	4.1793	1526.2	-0.21298	0.00067291	0.62837	
313.23	0.10000	55.075	0.018157	167.86	167.96	0.57348	4.0730	4.1794	1529.0	-0.21199	0.00065195	0.63074	
314.90	0.10000	55.039	0.018169	174.84	174.94	0.59570	4.0653	4.1796	1531.7	-0.21100	0.00063205	0.63306	
316.57	0.10000	55.001	0.018181	181.82	181.92	0.61781	4.0576	4.1799	1534.2	-0.21002	0.00061311	0.63531	
318.24	0.10000	54.963	0.018194	188.80	188.90	0.63979	4.0497	4.1802	1536.6	-0.20905	0.00059509	0.63751	
319.91	0.10000	54.924	0.018207	195.78	195.88	0.66167	4.0418	4.1805	1538.8	-0.20809	0.00057791	0.63964	
321.58	0.10000	54.883	0.018221	202.76	202.86	0.68343	4.0338	4.1809	1540.8	-0.20714	0.00056154	0.64171	
323.25	0.10000	54.842	0.018234	209.74	209.84	0.70509	4.0257	4.1814	1542.7	-0.20619	0.00054591	0.64371	
324.92	0.10000	54.799	0.018248	216.72	216.83	0.72663	4.0175	4.1819	1544.4	-0.20525	0.00053099	0.64566	
326.59	0.10000	54.756	0.018263	223.71	223.81	0.74807	4.0093	4.1824	1546.0	-0.20431	0.00051673	0.64755	
328.26	0.10000	54.711	0.018278	230.69	230.79	0.76940	4.0010	4.1830	1547.5	-0.20338	0.00050309	0.64938	
329.93	0.10000	54.666	0.018293	237.68	237.78	0.79062	3.9927	4.1836	1548.8	-0.20245	0.00049003	0.65114	
331.60	0.10000	54.620	0.018308	244.66	244.76	0.81174	3.9843	4.1843	1550.0	-0.20152	0.00047753	0.65285	
333.27	0.10000	54.572	0.018324	251.65	251.75	0.83276	3.9759	4.1850	1551.0	-0.20060	0.00046555	0.65450	
334.94	0.10000	54.524	0.018341	258.64	258.74	0.85368	3.9674	4.1858	1552.0	-0.19968	0.00045406	0.65610	
336.61	0.10000	54.475	0.018357	265.63	265.73	0.87450	3.9588	4.1866	1552.8	-0.19876	0.00044304	0.65763	
338.28	0.10000	54.425	0.018374	272.62	272.72	0.89521	3.9503	4.1874	1553.4	-0.19785	0.00043245	0.65911	
339.95	0.10000	54.374	0.018391	279.61	279.71	0.91583	3.9417	4.1883	1554.0	-0.19693	0.00042229	0.66054	
341.62	0.10000	54.322	0.018409	286.61	286.71	0.93636	3.9330	4.1892	1554.4	-0.19602	0.00041252	0.66191	
343.29	0.10000	54.270	0.018426	293.60	293.70	0.95679	3.9244	4.1902	1554.8	-0.19510	0.00040312	0.66323	
344.96	0.10000	54.216	0.018445	300.60	300.70	0.97712	3.9157	4.1912	1555.0	-0.19418	0.00039409	0.66450	
346.63	0.10000	54.162	0.018463	307.60	307.70	0.99736	3.9070	4.1922	1555.1	-0.19326	0.00038539	0.66572	
348.30	0.10000	54.107	0.018482	314.60	314.70	1.0175	3.8983	4.1933	1555.1	-0.19235	0.00037701	0.66689	
349.97	0.10000	54.051	0.018501	321.60	321.70	1.0376	3.8895	4.1944	1554.9	-0.19142	0.00036894	0.66801	
351.64	0.10000	53.995	0.018520	328.60	328.71	1.0575	3.8808	4.1956	1554.7	-0.19050	0.00036116	0.66908	
353.31	0.10000	53.937	0.018540	335.61	335.71	1.0774	3.8720	4.1969	1554.4	-0.18957	0.00035365	0.67011	
354.98	0.10000	53.879	0.018560	342.62	342.72	1.0972	3.8633	4.1982	1554.0	-0.18864	0.00034641	0.67109	
356.65	0.10000	53.820	0.018580	349.63	349.73	1.1169	3.8545	4.1995	1553.4	-0.18771	0.00033943	0.67203	
358.32	0.10000	53.760	0.018601	356.64	356.75	1.1365	3.8457	4.2009	1552.8	-0.18677	0.00033268	0.67292	
359.99	0.10000	53.700	0.018622	363.66	363.76	1.1561	3.8369	4.2023	1552.1	-0.18583	0.00032616	0.67377	
361.66	0.10000	53.638	0.018643	370.68	370.78	1.1755	3.8282	4.2038	1551.3	-0.18488	0.00031986	0.67458	
363.33	0.10000	53.576	0.018665	377.70	377.80	1.1949	3.8194	4.2054	1550.3	-0.18393	0.00031378	0.67535	
365.00	0.10000	53.513	0.018687	384.72	384.82	1.2142	3.8107	4.2070	1549.3	-0.18297	0.00030789	0.67607	
366.67	0.10000	53.450	0.018709	391.75	391.85	1.2334	3.8019	4.2086	1548.2	-0.18200	0.00030219	0.67676	
368.33	0.10000	53.386	0.018732	398.77	398.88	1.2525	3.7932	4.2104	1547.1	-0.18103	0.00029668	0.67742	
370.00	0.10000	53.321	0.018754	405.81	405.91	1.2715	3.7845	4.2122	1545.8	-0.18005	0.00029134	0.67803	
371.67	0.10000	53.255	0.018778	412.84	412.95	1.2905	3.7758	4.2140	1544.4	-0.17907	0.00028618	0.67861	
372.76	0.10000	53.212	0.018793	417.40	417.50	1.3028	3.7702	4.2152	1543.5	-0.17843	0.00028291	0.67897	


];

cp=data(:,9);
t=data(:,1);
















