function [t,s,h]=WaterProperties_isop_015

data=[
273.16	0.015000	55.497	0.018019	0.00026713      0.015270	9.7771e-07	4.2174	4.2198	1402.3	-0.24142	0.0017911	0.56105	
274.83	0.015000	55.502	0.018017	7.0416	7.0566	0.025700	4.2136	4.2144	1410.6	-0.23981	0.0016917	0.56422	
276.50	0.015000	55.505	0.018017	14.074	14.089	0.051212	4.2095	4.2096	1418.5	-0.23825	0.0016007	0.56739	
278.17	0.015000	55.504	0.018017	21.100	21.115	0.076544	4.2052	4.2054	1426.1	-0.23675	0.0015174	0.57057	
279.84	0.015000	55.502	0.018018	28.118	28.133	0.10170	4.2007	4.2016	1433.4	-0.23529	0.0014407	0.57374	
281.51	0.015000	55.497	0.018019	35.131	35.146	0.12669	4.1959	4.1983	1440.5	-0.23387	0.0013701	0.57690	
283.18	0.015000	55.490	0.018021	42.139	42.154	0.15151	4.1908	4.1954	1447.2	-0.23249	0.0013049	0.58006	
284.85	0.015000	55.480	0.018024	49.142	49.157	0.17616	4.1856	4.1929	1453.7	-0.23114	0.0012445	0.58320	
286.52	0.015000	55.469	0.018028	56.141	56.156	0.20066	4.1802	4.1907	1460.0	-0.22983	0.0011885	0.58632	
288.19	0.015000	55.456	0.018032	63.137	63.152	0.22501	4.1746	4.1887	1465.9	-0.22855	0.0011365	0.58941	
289.86	0.015000	55.441	0.018037	70.129	70.144	0.24920	4.1688	4.1870	1471.6	-0.22731	0.0010880	0.59247	
291.53	0.015000	55.425	0.018043	77.119	77.134	0.27325	4.1629	4.1856	1477.1	-0.22608	0.0010428	0.59551	
293.20	0.015000	55.406	0.018049	84.107	84.122	0.29715	4.1568	4.1843	1482.3	-0.22489	0.0010005	0.59851	
294.87	0.015000	55.386	0.018055	91.093	91.108	0.32091	4.1506	4.1832	1487.4	-0.22371	0.00096092	0.60146	
296.54	0.015000	55.365	0.018062	98.077	98.092	0.34453	4.1442	4.1823	1492.1	-0.22256	0.00092381	0.60438	
298.21	0.015000	55.342	0.018070	105.06	105.07	0.36801	4.1376	4.1815	1496.7	-0.22143	0.00088897	0.60725	
299.88	0.015000	55.317	0.018078	112.04	112.06	0.39135	4.1310	4.1809	1501.1	-0.22032	0.00085620	0.61007	
301.55	0.015000	55.291	0.018086	119.02	119.04	0.41457	4.1242	4.1804	1505.2	-0.21923	0.00082534	0.61285	
303.22	0.015000	55.264	0.018095	126.00	126.02	0.43765	4.1172	4.1800	1509.2	-0.21815	0.00079625	0.61557	
304.88	0.015000	55.235	0.018104	132.98	133.00	0.46061	4.1102	4.1798	1512.9	-0.21709	0.00076878	0.61823	
306.55	0.015000	55.205	0.018114	139.96	139.97	0.48343	4.1030	4.1796	1516.5	-0.21604	0.00074282	0.62085	
308.22	0.015000	55.174	0.018125	146.94	146.95	0.50614	4.0957	4.1795	1519.8	-0.21501	0.00071825	0.62340	
309.89	0.015000	55.141	0.018135	153.92	153.93	0.52872	4.0883	4.1795	1523.0	-0.21399	0.00069497	0.62589	
311.56	0.015000	55.107	0.018146	160.90	160.91	0.55118	4.0809	4.1795	1526.1	-0.21298	0.00067290	0.62833	
313.23	0.015000	55.073	0.018158	167.87	167.89	0.57351	4.0733	4.1796	1528.9	-0.21199	0.00065195	0.63071	
314.90	0.015000	55.036	0.018170	174.85	174.87	0.59574	4.0656	4.1798	1531.6	-0.21100	0.00063204	0.63302	
316.57	0.015000	54.999	0.018182	181.83	181.85	0.61784	4.0578	4.1801	1534.1	-0.21002	0.00061310	0.63527	
318.24	0.015000	54.961	0.018195	188.81	188.83	0.63983	4.0500	4.1804	1536.4	-0.20905	0.00059508	0.63747	
319.91	0.015000	54.922	0.018208	195.79	195.81	0.66171	4.0420	4.1807	1538.6	-0.20809	0.00057790	0.63960	
321.58	0.015000	54.881	0.018221	202.77	202.79	0.68347	4.0340	4.1811	1540.6	-0.20713	0.00056153	0.64167	
323.25	0.015000	54.840	0.018235	209.76	209.77	0.70513	4.0259	4.1816	1542.5	-0.20619	0.00054590	0.64368	
324.92	0.015000	54.797	0.018249	216.74	216.75	0.72667	4.0177	4.1821	1544.3	-0.20524	0.00053097	0.64562	
326.59	0.015000	54.754	0.018264	223.72	223.74	0.74811	4.0095	4.1826	1545.9	-0.20431	0.00051671	0.64751	
327.12	0.015000	54.740	0.018268	225.93	225.94	0.75486	4.0069	4.1828	1546.3	-0.20401	0.00051233	0.64809	
327.12	0.015000	0.0055397	180.51	2448.0	2598.3	8.0071	1.4711	1.9535	445.73	138.68	1.0742e-05	0.020684	
328.26	0.015000	0.0055199	181.16	2449.7	2600.5	8.0139	1.4680	1.9497	446.59	134.78	1.0779e-05	0.020761	
329.93	0.015000	0.0054913	182.11	2452.1	2603.8	8.0238	1.4642	1.9449	447.81	129.59	1.0834e-05	0.020873	
331.60	0.015000	0.0054630	183.05	2454.6	2607.0	8.0336	1.4610	1.9408	449.02	124.89	1.0889e-05	0.020987	
333.27	0.015000	0.0054350	183.99	2457.0	2610.2	8.0433	1.4584	1.9374	450.21	120.59	1.0945e-05	0.021101	
334.94	0.015000	0.0054073	184.94	2459.5	2613.5	8.0530	1.4562	1.9345	451.39	116.63	1.1001e-05	0.021216	
336.61	0.015000	0.0053799	185.88	2461.9	2616.7	8.0626	1.4544	1.9320	452.55	112.96	1.1057e-05	0.021333	
338.28	0.015000	0.0053528	186.82	2464.4	2619.9	8.0721	1.4528	1.9298	453.71	109.52	1.1113e-05	0.021449	
339.95	0.015000	0.0053259	187.76	2466.8	2623.2	8.0816	1.4515	1.9279	454.86	106.29	1.1170e-05	0.021567	
341.62	0.015000	0.0052994	188.70	2469.3	2626.4	8.0911	1.4503	1.9262	456.00	103.24	1.1226e-05	0.021686	
343.29	0.015000	0.0052731	189.64	2471.7	2629.6	8.1005	1.4493	1.9247	457.14	100.35	1.1284e-05	0.021805	
344.96	0.015000	0.0052472	190.58	2474.1	2632.8	8.1098	1.4484	1.9233	458.26	97.604	1.1341e-05	0.021926	
346.63	0.015000	0.0052214	191.52	2476.5	2636.0	8.1191	1.4477	1.9221	459.39	94.983	1.1398e-05	0.022047	
348.30	0.015000	0.0051960	192.46	2479.0	2639.2	8.1283	1.4470	1.9210	460.50	92.477	1.1456e-05	0.022168	
349.97	0.015000	0.0051708	193.39	2481.4	2642.4	8.1375	1.4465	1.9201	461.62	90.077	1.1514e-05	0.022291	
351.64	0.015000	0.0051459	194.33	2483.8	2645.6	8.1467	1.4460	1.9192	462.72	87.775	1.1572e-05	0.022414	
353.31	0.015000	0.0051212	195.27	2486.2	2648.8	8.1557	1.4456	1.9184	463.83	85.563	1.1631e-05	0.022538	
354.98	0.015000	0.0050967	196.20	2488.7	2652.0	8.1648	1.4452	1.9177	464.93	83.437	1.1689e-05	0.022663	
356.65	0.015000	0.0050725	197.14	2491.1	2655.2	8.1738	1.4449	1.9171	466.02	81.389	1.1748e-05	0.022789	
358.32	0.015000	0.0050485	198.08	2493.5	2658.4	8.1827	1.4447	1.9165	467.11	79.417	1.1807e-05	0.022915	
359.99	0.015000	0.0050248	199.01	2495.9	2661.6	8.1916	1.4445	1.9160	468.20	77.515	1.1867e-05	0.023042	
361.66	0.015000	0.0050013	199.95	2498.4	2664.8	8.2005	1.4444	1.9156	469.28	75.680	1.1926e-05	0.023170	
363.33	0.015000	0.0049780	200.88	2500.8	2668.0	8.2093	1.4443	1.9152	470.36	73.909	1.1986e-05	0.023298	
365.00	0.015000	0.0049550	201.82	2503.2	2671.2	8.2181	1.4442	1.9149	471.43	72.199	1.2046e-05	0.023427	
366.67	0.015000	0.0049321	202.75	2505.6	2674.4	8.2269	1.4442	1.9146	472.51	70.546	1.2106e-05	0.023556	
368.33	0.015000	0.0049095	203.69	2508.0	2677.6	8.2356	1.4442	1.9144	473.57	68.948	1.2166e-05	0.023687	
370.00	0.015000	0.0048871	204.62	2510.4	2680.8	8.2442	1.4443	1.9142	474.64	67.404	1.2226e-05	0.023818	
371.67	0.015000	0.0048649	205.55	2512.9	2684.0	8.2528	1.4444	1.9140	475.70	65.909	1.2287e-05	0.023949	
373.34	0.015000	0.0048429	206.49	2515.3	2687.2	8.2614	1.4445	1.9139	476.76	64.463	1.2347e-05	0.024082	
375.01	0.015000	0.0048211	207.42	2517.7	2690.4	8.2699	1.4446	1.9139	477.81	63.063	1.2408e-05	0.024215	
376.68	0.015000	0.0047995	208.35	2520.1	2693.6	8.2784	1.4448	1.9138	478.86	61.707	1.2469e-05	0.024348	
378.35	0.015000	0.0047781	209.29	2522.5	2696.8	8.2869	1.4450	1.9138	479.91	60.394	1.2531e-05	0.024482	
380.02	0.015000	0.0047569	210.22	2525.0	2700.0	8.2953	1.4453	1.9139	480.96	59.122	1.2592e-05	0.024617	
381.69	0.015000	0.0047359	211.15	2527.4	2703.2	8.3037	1.4455	1.9140	482.00	57.889	1.2654e-05	0.024752	
383.36	0.015000	0.0047151	212.08	2529.8	2706.4	8.3121	1.4458	1.9141	483.04	56.694	1.2715e-05	0.024888	
385.03	0.015000	0.0046945	213.02	2532.2	2709.6	8.3204	1.4461	1.9142	484.07	55.535	1.2777e-05	0.025025	
386.70	0.015000	0.0046740	213.95	2534.6	2712.8	8.3287	1.4465	1.9144	485.10	54.410	1.2839e-05	0.025162	
388.37	0.015000	0.0046537	214.88	2537.1	2716.0	8.3369	1.4468	1.9146	486.13	53.320	1.2901e-05	0.025300	
390.04	0.015000	0.0046337	215.81	2539.5	2719.2	8.3452	1.4472	1.9148	487.16	52.261	1.2964e-05	0.025438	
391.71	0.015000	0.0046137	216.74	2541.9	2722.4	8.3533	1.4476	1.9150	488.18	51.234	1.3026e-05	0.025577	
393.38	0.015000	0.0045940	217.68	2544.3	2725.6	8.3615	1.4480	1.9153	489.20	50.237	1.3089e-05	0.025716	
395.05	0.015000	0.0045744	218.61	2546.7	2728.8	8.3696	1.4484	1.9156	490.22	49.268	1.3151e-05	0.025856	
