function [t,s,h]=WaterProperties_isop_02
data=[
273.16	0.20000	55.503	0.018017	0.0036916	0.20371	1.3477e-05	4.2165	4.2189	1402.6	-0.24140	0.0017907	0.56115	
274.83	0.20000	55.507	0.018016	7.0436	7.2436	0.025707	4.2127	4.2135	1410.8	-0.23979	0.0016913	0.56432	
276.50	0.20000	55.510	0.018015	14.075	14.275	0.051214	4.2087	4.2088	1418.8	-0.23824	0.0016004	0.56749	
278.17	0.20000	55.509	0.018015	21.099	21.299	0.076541	4.2044	4.2046	1426.4	-0.23673	0.0015170	0.57066	
279.84	0.20000	55.507	0.018016	28.116	28.316	0.10169	4.1999	4.2009	1433.7	-0.23527	0.0014405	0.57383	
281.51	0.20000	55.502	0.018018	35.128	35.328	0.12667	4.1951	4.1976	1440.8	-0.23385	0.0013699	0.57700	
283.18	0.20000	55.494	0.018020	42.134	42.334	0.15149	4.1901	4.1947	1447.5	-0.23247	0.0013047	0.58015	
284.85	0.20000	55.485	0.018023	49.136	49.336	0.17614	4.1849	4.1922	1454.0	-0.23113	0.0012444	0.58329	
286.52	0.20000	55.474	0.018026	56.134	56.334	0.20064	4.1795	4.1900	1460.3	-0.22982	0.0011884	0.58640	
288.19	0.20000	55.461	0.018031	63.129	63.329	0.22498	4.1739	4.1881	1466.2	-0.22855	0.0011363	0.58950	
289.86	0.20000	55.446	0.018036	70.120	70.320	0.24917	4.1682	4.1864	1471.9	-0.22730	0.0010879	0.59256	
291.53	0.20000	55.429	0.018041	77.109	77.309	0.27321	4.1622	4.1850	1477.4	-0.22608	0.0010427	0.59559	
293.20	0.20000	55.411	0.018047	84.096	84.296	0.29711	4.1562	4.1837	1482.7	-0.22488	0.0010004	0.59859	
294.87	0.20000	55.391	0.018053	91.080	91.281	0.32087	4.1499	4.1826	1487.7	-0.22371	0.00096085	0.60155	
296.54	0.20000	55.369	0.018061	98.063	98.264	0.34448	4.1435	4.1818	1492.4	-0.22256	0.00092376	0.60446	
298.21	0.20000	55.346	0.018068	105.05	105.25	0.36796	4.1370	4.1810	1497.0	-0.22143	0.00088893	0.60734	
299.88	0.20000	55.322	0.018076	112.03	112.23	0.39130	4.1303	4.1804	1501.4	-0.22032	0.00085617	0.61016	
301.55	0.20000	55.296	0.018085	119.01	119.21	0.41451	4.1236	4.1799	1505.5	-0.21922	0.00082532	0.61293	
303.22	0.20000	55.268	0.018094	125.98	126.19	0.43759	4.1166	4.1795	1509.5	-0.21815	0.00079623	0.61565	
304.88	0.20000	55.240	0.018103	132.96	133.16	0.46055	4.1096	4.1793	1513.2	-0.21709	0.00076877	0.61832	
306.55	0.20000	55.210	0.018113	139.94	140.14	0.48337	4.1024	4.1791	1516.8	-0.21604	0.00074281	0.62093	
308.22	0.20000	55.178	0.018123	146.92	147.12	0.50607	4.0952	4.1790	1520.2	-0.21501	0.00071825	0.62348	
309.89	0.20000	55.146	0.018134	153.90	154.10	0.52865	4.0878	4.1790	1523.4	-0.21399	0.00069498	0.62598	
311.56	0.20000	55.112	0.018145	160.87	161.08	0.55111	4.0803	4.1791	1526.4	-0.21298	0.00067291	0.62841	
313.23	0.20000	55.077	0.018156	167.85	168.05	0.57344	4.0727	4.1792	1529.2	-0.21199	0.00065196	0.63079	
314.90	0.20000	55.041	0.018168	174.83	175.03	0.59566	4.0651	4.1794	1531.9	-0.21100	0.00063206	0.63310	
316.57	0.20000	55.004	0.018181	181.81	182.01	0.61776	4.0573	4.1796	1534.4	-0.21002	0.00061312	0.63536	
318.24	0.20000	54.965	0.018193	188.79	188.99	0.63975	4.0495	4.1799	1536.7	-0.20905	0.00059510	0.63755	
319.91	0.20000	54.926	0.018206	195.77	195.97	0.66163	4.0415	4.1803	1538.9	-0.20809	0.00057793	0.63968	
321.58	0.20000	54.886	0.018220	202.75	202.95	0.68339	4.0335	4.1807	1541.0	-0.20714	0.00056156	0.64175	
323.25	0.20000	54.844	0.018233	209.73	209.93	0.70504	4.0254	4.1811	1542.9	-0.20619	0.00054593	0.64376	
324.92	0.20000	54.802	0.018248	216.71	216.91	0.72658	4.0173	4.1816	1544.6	-0.20525	0.00053101	0.64571	
326.59	0.20000	54.758	0.018262	223.69	223.89	0.74802	4.0091	4.1822	1546.2	-0.20431	0.00051675	0.64760	
328.26	0.20000	54.714	0.018277	230.68	230.88	0.76935	4.0008	4.1828	1547.7	-0.20338	0.00050311	0.64942	
329.93	0.20000	54.668	0.018292	237.66	237.86	0.79057	3.9925	4.1834	1549.0	-0.20245	0.00049005	0.65119	
331.60	0.20000	54.622	0.018308	244.65	244.85	0.81169	3.9841	4.1841	1550.2	-0.20153	0.00047755	0.65290	
333.27	0.20000	54.575	0.018324	251.63	251.84	0.83271	3.9756	4.1848	1551.2	-0.20061	0.00046557	0.65455	
334.94	0.20000	54.526	0.018340	258.62	258.82	0.85363	3.9671	4.1855	1552.2	-0.19969	0.00045408	0.65614	
336.61	0.20000	54.477	0.018356	265.61	265.81	0.87444	3.9586	4.1863	1553.0	-0.19877	0.00044306	0.65768	
338.28	0.20000	54.427	0.018373	272.60	272.80	0.89516	3.9501	4.1872	1553.6	-0.19785	0.00043248	0.65916	
339.95	0.20000	54.377	0.018390	279.59	279.80	0.91578	3.9415	4.1880	1554.2	-0.19694	0.00042231	0.66059	
341.62	0.20000	54.325	0.018408	286.59	286.79	0.93630	3.9328	4.1890	1554.6	-0.19602	0.00041254	0.66196	
343.29	0.20000	54.272	0.018426	293.58	293.78	0.95673	3.9242	4.1899	1555.0	-0.19511	0.00040315	0.66328	
344.96	0.20000	54.219	0.018444	300.58	300.78	0.97706	3.9155	4.1909	1555.2	-0.19419	0.00039411	0.66455	
346.63	0.20000	54.165	0.018462	307.58	307.78	0.99730	3.9068	4.1920	1555.3	-0.19327	0.00038541	0.66577	
348.30	0.20000	54.110	0.018481	314.58	314.78	1.0174	3.8981	4.1931	1555.3	-0.19235	0.00037703	0.66694	
349.97	0.20000	54.054	0.018500	321.58	321.78	1.0375	3.8893	4.1942	1555.1	-0.19143	0.00036896	0.66806	
351.64	0.20000	53.997	0.018520	328.58	328.79	1.0575	3.8806	4.1954	1554.9	-0.19051	0.00036118	0.66913	
353.31	0.20000	53.940	0.018539	335.59	335.79	1.0773	3.8718	4.1967	1554.6	-0.18958	0.00035368	0.67016	
354.98	0.20000	53.881	0.018559	342.60	342.80	1.0971	3.8631	4.1979	1554.2	-0.18865	0.00034644	0.67114	
356.65	0.20000	53.822	0.018580	349.61	349.81	1.1168	3.8543	4.1993	1553.6	-0.18772	0.00033945	0.67208	
358.32	0.20000	53.763	0.018600	356.62	356.83	1.1365	3.8455	4.2007	1553.0	-0.18678	0.00033271	0.67297	
359.99	0.20000	53.702	0.018621	363.63	363.84	1.1560	3.8368	4.2021	1552.3	-0.18584	0.00032619	0.67382	
361.66	0.20000	53.641	0.018643	370.65	370.86	1.1754	3.8280	4.2036	1551.5	-0.18489	0.00031989	0.67463	
363.33	0.20000	53.579	0.018664	377.67	377.88	1.1948	3.8193	4.2052	1550.6	-0.18394	0.00031380	0.67540	
365.00	0.20000	53.516	0.018686	384.69	384.90	1.2141	3.8105	4.2068	1549.6	-0.18298	0.00030792	0.67613	
366.67	0.20000	53.453	0.018708	391.72	391.93	1.2333	3.8018	4.2084	1548.5	-0.18202	0.00030222	0.67682	
368.33	0.20000	53.388	0.018731	398.75	398.95	1.2524	3.7931	4.2101	1547.3	-0.18105	0.00029671	0.67747	
370.00	0.20000	53.323	0.018754	405.78	405.99	1.2715	3.7844	4.2119	1546.0	-0.18007	0.00029137	0.67809	
371.67	0.20000	53.258	0.018777	412.81	413.02	1.2904	3.7757	4.2138	1544.6	-0.17908	0.00028620	0.67866	
373.34	0.20000	53.191	0.018800	419.85	420.06	1.3093	3.7670	4.2157	1543.2	-0.17809	0.00028120	0.67921	
375.01	0.20000	53.124	0.018824	426.89	427.10	1.3281	3.7584	4.2176	1541.7	-0.17709	0.00027634	0.67972	
376.68	0.20000	53.056	0.018848	433.93	434.14	1.3469	3.7497	4.2197	1540.1	-0.17608	0.00027164	0.68019	
378.35	0.20000	52.988	0.018872	440.98	441.19	1.3656	3.7411	4.2218	1538.4	-0.17507	0.00026708	0.68063	
380.02	0.20000	52.919	0.018897	448.03	448.24	1.3841	3.7326	4.2239	1536.6	-0.17404	0.00026265	0.68104	
381.69	0.20000	52.849	0.018922	455.09	455.30	1.4027	3.7240	4.2262	1534.7	-0.17300	0.00025836	0.68142	
383.36	0.20000	52.778	0.018947	462.14	462.35	1.4211	3.7155	4.2285	1532.8	-0.17196	0.00025419	0.68176	
385.03	0.20000	52.707	0.018973	469.21	469.42	1.4395	3.7070	4.2309	1530.8	-0.17090	0.00025014	0.68208	
386.70	0.20000	52.635	0.018999	476.27	476.48	1.4578	3.6985	4.2333	1528.7	-0.16983	0.00024621	0.68236	
388.37	0.20000	52.562	0.019025	483.34	483.55	1.4761	3.6901	4.2359	1526.5	-0.16876	0.00024240	0.68262	
390.04	0.20000	52.489	0.019052	490.42	490.63	1.4942	3.6817	4.2385	1524.3	-0.16767	0.00023869	0.68284	
391.71	0.20000	52.415	0.019079	497.50	497.71	1.5124	3.6734	4.2411	1522.0	-0.16657	0.00023508	0.68304	
393.361	0.20000	52.341	0.019105	504.49	504.70	1.5302	3.6652	4.2439	1519.6	-0.16547	0.00023162	0.68321	
393.36  0.20000	0.062673	15.956	2529.1	2706.2	7.1269	1.6184	2.1782	481.83	52.775	1.2963e-05	0.027493	
393.38	0.20000	0.062669	15.957	2529.1	2706.3	7.1270	1.6183	2.1780	481.84	52.759	1.2964e-05	0.027494	
395.05	0.20000	0.062371	16.033	2531.9	2709.9	7.1362	1.6104	2.1665	483.07	51.518	1.3029e-05	0.027598	
